chr,start,stop,length,fragSeq
chr8,133000000,133000234,234,TAAATTTTTCATTACCCAGTTAACAATGAAAATTAATTCTGGTGTGTGTCCTTACTATAGCCCAGCCATTTTCAAATGCTTAAGAGTATTTACTTCTGTTTTTTAATTTTGCTATTGAAAACCTTCAGTAAATCTCTAACGACATAGATATGATTTTACCAGGAGCAAATCAAGTCCTTGAATATTTATTGTTACAATACttaatattttatttaatagtatattttaaaGTGA
chr8,133000234,133000712,478,GATCTTTTCTCATTAAATGATATTCTATTTAAGTTATGGAAATTGATGAAAATTGTTTAATGATAAGTGATTATTTAGGTTAATGAATTAGGCAACTTTCGTTATTTGAAAGAGTACAGACTTGTTATATAAATAAAACTACAAACTTTTTGAGTTAGGAATTTTTTTTTCTCTGTGAACTATATATTTTCTCTGTGAACTATATATTTTCCCATTGCTTGAAATAATTCTGTTTGAAGGCAAAATTGCATAGTGTCTTGTATTCAACTTTTACTGTAAAAATTAAAATCAAAGAATTTATGTCTTATGCTTTCATTTTAATTTGGTGACTATATAAATATTAAATTTTGTAAGTGAATTAGTTCTTTGGGGATACCTCTGTTCTACAAGAGAACCATTTGATTTCACTTAGAAAGATTTCTGGATTAGTCACTACAAGTAGTGCAGTCTTTGTAAATGGCTTTTTTTTAATAACATG
chr8,133000712,133001877,1165,GATCCAAAATATATACATTTAGTACAGTAATAGTTGTTCATAACAGTCTGAGATGTTAATGAGTGCTTTTGCATTTTCTTTTAAATTTTATGCTTTAAAAGATTGTGTTCCTCAGGAACTCCTTGAGGAAATAAAAGTGCTAAGAACAAAAGATTATTAGAGCtttataatttaaaatattaaaaaaacatttaaaatattttaCTCTTATAATTTGAATTTAGCTCTCTTTCCTTCAAGCAAAAAACCTCTTAAACCCAGGCACAAGCACAAAGGTAAATCCAGTTGTCAGTTTGGCCTGCCTTTTCCCTTACCTGTCCTCTAGGAAAATAGCTTAATAAAATGTGCCTTTTAGAAAATGGGGCCAGTGGCCTGCATATTTTCTATAATTAGTTTAATTATTATTTTCCTTTATCTTCCTTATAGCCCTAGTTTATTTTTACCCCTGTTATTTCTTTTTACCCTGTTCCTTTAACTCTTAACAATTTTTAATGAAAGCTCTGGTACTTTCAAAATTTTTAACAAATGGTCTGCACTTCCCTGATTCCTCCCATCCCTAAAAAAGATGTATTCTCTCATAATGCATCTCTACCAATGACTAGAAGAATTCTGAATATTTTAGTGTCTACTTAATTGTATAACTGCACTACTAGAAATCCTACTAGATTTTTCTGATTTGTGAAGACTGATAGTTTAGAACCTATCTGTGGCATTAGTATCCTACCTTAATGCAGAAACAGAATAAACAGTGATATTTTATGGGATACTGAATCTGTAATTAAATTTCCTTTTGCTGTGTAACCATCAGATATTCATTTAAAAAATTCAAGGGATTTAAGAACAATGTATTAAAATAAAAAGCAGAACATATTTAGTTTGTTGTGTGTCATGTAGTACCCATCATCATCacaatagtagctaccatttattatgcactgtgtgctaggcactgtgataagtgcttagtattcattttcttatgtaattctcataatggtttggtgaggaagatagcattatctttgtttacaaatgagtatagtgaggctaaaattgaattaaatgattaggtgacaccactaACAGCCTCTCCAGTTAGTTGCTTAATAAATTATTTGATTTCACTATTTTTCAGGGACTCAAATATTGTTCAGGCATCCAGAAA
chr8,133001877,133002057,180,GATCCAGATTGATTTTTAtcatttctttctctaatttctactgagtgcctacaatgtaatatatatcaagcactgttataactttcaaagggtagaaaggtgttaagatgcaattcttatcctcaaggaatacaatctagtgggaaaagcagatgaatgaatgaaacaCAGTGATAACTA
chr8,133002076,133002871,795,GATCTACCTAAAGTTTATTGAACTATTGATGCCTGGCATCATCATAATGTGGTTGATAAATGTTAGCTGATTATTGTATTTTACTTATCTCTTATCAACCTAGAATTCGAATGAATAGTGTATGTTTAGGCCTGTGCCAAGTACTGCTTTGTGAGGGGAAAACAGTAGTGTCCCCCATCTGAATCGTTCAGAGGTACCAGTGGCTTCAGTCAACTCATACAGTTATTTaagtattaagcgagcacctccagtgtgccagctgctgtgcaagcaaaagccagaatgaacaagacgggtaggtccctactttcacaaagctcacagtcTCTCTTAAATGTATTGTTCACTTGAACCACAAAACACAGCAGCTGATTTGGTATTATTCTAGGTGCATAGGAAATAAGTTAATTTCATTATATAATTTTTCTCTAAGAagataaataaccaggcaattgtaatatgactattcagctattattagggacatttagggtcctccaatagcacatacaaatatttaatccaggtttggctggccagggatatcttccagaggaaaaagcctctaagatgagcttgaaacaggtgttaggcaagtaaactgtgcttcatatggtagtaacacatgtgtgaaggaatgaggtaggcaagaacaggatttgttccgtgaatTAATATAGAGTAACAACAGACTTCAGGGAGTGGAGTTAGGAATTGTAAAGCAAGGTGAACTAGtttgaactctgttctgaaggcaatggggaagcatgagtgattttaatcagaggataacat
chr8,133002871,133003438,567,gatcagagttgcattttagaagtagtactttggttgtaattttgcaaactggagatggggtgactatttattttgatggcatgttagtcatccttaggagaaatgacagtggcccataataaagaggcatcagtgaggatacagagtaggtagattctagaaaaatttatgagagagaatttataggcatttgattggtatggagagacaagaagaaagccagggattttgtccaggattctggcttgggcacttgagtgaatggtgtaaaactgaggggaCGCATAGGATTTACTTACCATTTCATTTGCTTGTTTTTTTGTGTGTGTTTTGTTTTTCTGGGAGGGATGACAGATATAGCTGGtgtattagtccattttcacactgctgatagagacataccagagactgggcaatttacaaaagaaagaggtttaattagacttacagttccacgtggctggggaaggtctcacaatcatcatggcagagggtgaaagacaattcttacatggcagtggcaagaaagaatgaggaagaagcaaaagcagaaacccctgataaacc
chr8,133003443,133004187,744,gatctcatgagacttattcactatcacgagactaatgtgggaaagaccaaccctcatgattcagttacctaccactgtgtccctcccacaacaggtgggaattcttcagatgcaattcaagttgagacttgggtggggacacagccaaaccatatcaGCTGCGTTCAAGTGAAGAAGGAAAGAAGTACATATTTCAGCTGAAACTCTCTATAAGTAGTTTTGAATCTGTGGTGGTAGAAGGATAGAGTTTTTATTAATAGAAATGAATAGGAAAAAGTGGCTGGTTTTGGAGATAAACCTCTTGTTGAGTATCTTTGACAGTGGAACATGCAAGTAAAGTAGCTTGTAGGCAGTTAGGAGATAGGACTGGGTTTTGTGTGAGGGTTAGGAGGTTATAATGAAAATTTTAAAAACAGCAACATAGGGGATTTTGCTAAAGCCTTCAGGGAGGATGACTTCTCACAGTGAAGGCATGGAGAGAAAGAGGATGGAATGGCTTTAGACAGTTCTCTTTTCCTGAGGAGAGGCCATGTTGGGAAGGAACGTAAAGCTCCAAAGCCGAAAGTCTCAAGAAAGTGAAAGGAAAGTAAGGTAATGTTGGAATGTGGGTGCTAGGAAGTTGGGGGGTGAGAAGGCAGGTAGAGGAGCTTCCACAAAGGGAAAGGTGGCACAAATTGCTGAAGCTTCAGAGAAGTAGAAAATTGATTAAGACCTTCCTTTGGATTTTCCTAGAAGGTGATTATT
chr8,133004187,133004432,245,GATCACCTTTGAGACAACACTATATTTCCTTTTTGTTCTCAATGATTTTGCCGCTCAGTGACCCCTTTCCTGCCCCCATACTTGTCTTTTCTTTTTTATTATTGGCTTCAACATGACTCTCTTTCTGCAACCCCTCAGCTTTCATAAATTAACCCAGAAATTATTTTATAGCCTCCTTTGAGAGAAGCCCTTATTTTCACTTCCGGTGAGACCTTGAAAGTTAATTTACCTAGATGCTATAAGCA
chr8,133004432,133005071,639,GATCAGCAGGCATGACCACATACTGCTTTGTGGCAATTCCATTGATGTCTTTATGTCCAGTTATTTGTATCAAAGCATATGATTATGAAGGAAAAACAAAAAATACAGGGTCTAGGTTAACTCAGCAGTAGCCACATGCAGGATATAAAATATTCTCATCCTGAAAATTCTTGCAAAACAATGTGTCCTGTTTTGTTGCAGTTGAGTATGTACTGATTCTGTACCTTCAGCCTTCATGCAGTAGAACCTGGATGACTTTTGTATGGGAGATACAAAACCCAGAGTCTCACTGAATTTTGTGTATGGATATATAGGTCAGACATCAGTGTACATGACGGTAGTACAAGGGTGAAGGATGATGGAAGGGAAGTTCATTAATAACTGGTAGTAAGTTTTTGTAGCTCAGAAGAAAGAGGGACAAGTAGAAATAATTGGAGTAATATTTAACACTTTAAGGAAGCGATGTGATGTTCAGATAGGCCTTGAAAGATAATCTCTGTAGTGAAGAGGATGACGAAGGGCAGGTAATGACATGATTCTAGAAAGCAGATATCCCACAGCGTGCACAGAGGTTAGAAAACAGGCATCTTTGAGTTGAACACTAGATTAATTAGGGAAGGTTGAAGTTACTGTTGGTAA
chr8,133005071,133006440,1369,GATCTGATGAGAGAGCCTAGAATGTCCTTTTAATTCACAAGCAGTTTGGGGGGCATGGCTTGGGAAGTTATGTGGTTAGTGTTTTAAGAAGCTTAGTTAACATGGTGGTGACATACAGGTAAAATTGTAGAAAGGTCTGTCAATAGGATGGACTGAGTTACtggttctcagctaagggtgacttttgcaatcttggggaaatttttagttgtcacaactgggacagagagagatgagataggcctattggcatctagtgcatagaagctaggaatgctgctgaacatcttataatacaagggacagcttcccacaacaagaattatgtggccaaaaatgtccatagtgtcaaggttaagaaaccctAgctaggttatgctatagtagcaaacaaccccaagttcttaatggtttgaaacagtaaagatttatttattgctcaGACTCGCTGTACATAACTATACATCATCCACATTCTGGAATCCAAGCTAATGGAGCTACCACTGTCTGGCACATTActcatactgtattggccaggacttgttacagaacccctcctaaccacagagaggacagaaattgcaatcctgtcacatccccagaaaggggcaaactgtaatattgactaacagcattagttacaaccaTGGAAGGCTGTCTTGGAGTAGAGGAGTTGTCAGTAAGAGAGAAACCAGTTTCTTGCTGATTGCTGTTAATTCTTCATTCTTTGCCCCTTCAGGAAAGTAAAATCACAGTATATACAGAATGGGATTAGAAAGATGGAGCATAggctgggcacagtggctcacacctgtaatcctggcactttgggaggccgaggtaggaggattgcttgaagccaagagttgagaccagcttgagaaaaaaaaaaaaataccccatctctgcaaaaagttaaaacaaaaaatttagccagttgattccatgtctttgctgttgtgagcagtgctgcaatgaacataggcgtgTgcaaaccaacacagtaacagaaaaccaaataccacatgttctcacttgtaagtgggagctgaatgatgagaacacacagacacatagaggggaacaatgcacactgggacctgttggagggtggagggtgggagaaaggagagcatccagaaaacaactaatggatactagacttaatatgtgggtgatgaaataatctgtacaacaaacccccatgacacaaatttatgtgtataacaaacctgcgcatgtacccctgaacttaaaagttaaaaaaaaTTAActgggcacggtggcacatgcctgtagtcctgactactcgggaggctaaaatgggagaatcacgtgagcccaagagtttgaggctgcagtgagctct
chr8,133006440,133006817,377,gatcacaccactgtactccagccagggtgacagagaagagacactgtctcaggaagaaaaaaaaaaaaGAGAGAGAAAGATGAAGTGTTGCCACATGATACAGTAACTCTGCTGTTACACTGATTCTAGACCTgagcttccctactgttttgggggaacattataggtgtgtctgggtactgttctccttagctcttcaggtagctggagagggcctggggcagtctgagcctgcaatatgagcaggcccttccatttatctctgtgtaccatgcatgcattataatttaatgtgtgcagtgaggtagaaaaccttgggaaCTCTGCATTAAGCAGTGGGCTGCATTTGTTTAACAATTATAATTAGGACTGAAAAT
chr8,133006817,133007392,575,GATCTGTTTTAGAAAACTCTATTGGTAGTATAGAAGGGAGAAACATACTAGAAGACCCACTTGAAAGCTATACTAAGAGTTTAGGTAAGAAAAGATGAAGATTTTGAACGATGACACTCTTGAAAATAAATAGGACAATGTGGAGATAAAGATGGCTTATTTAGAGATGCGGAATTGGATTTAGAACATGTCAAATAGAATTGATTAATAAGAAACTGGAAATGTTGAACTCAGAAAAGGAGGTGCCGGAATCCTGCtcagtcacacaagtatttatggagtacttactaggtgccagctgcAACCCTAATAGTACCTGGGAACTCTTTGAGAGAGTTAGAAGTCCTGGGATGTGACCTGGGTGAGTACATTCTTTTTAGGACTGGGAGTAGAACAGTAGCCAGCTTGGCATCATTGTCACCCTTTCTGAATTCTCTTCTGTATCATAAAGGAAAAATTGGAACTATGTTTTTTCAGAATCAGAGACTGACAATGAAAAGCACTCAGAAAAATTTGCAAGTAGAAGAGGAAAAACTATTATCTTTGAAAGACAGTGTAGCATTCAAATGGGTGGA
chr8,133007392,133007797,405,GATCAGACTAGAAGCTTCCAGAGCTTCTTGAGAATTACCATCTCCATGCTGCAGACTGAGACTATCCGATGGCTAGCCTAACTTTTACTCACTCAGCTTTCCAAGGGTTGAATCAGCCTCTAATTCTATATGTTAGAATACACAAAGTGACTTCCTTTTTTCGACTGTAATCATGATTATTTGATATTTTCCTACCATCCTGTACTTTCATCacactttaataatttgtgtgattttattgtatatttttcctgttaaactgtaagctgcacgggatgtgtaatgtctattcagcagactgtccctaacacctaacagggtctCTAATCACTTCCTAGATTTGTTGAGTATTGAATGCTAAAGTAGAAAAACAGAAGTAGAAAAGAAGGTATGTAAGGACATTAT
chr8,133007797,133008657,860,GATCAACAAATTCAAATGTTCATGAAGTGGTTAAGCAGAAAATGGGCTAGGAATAGCTTTTGAATTTAGTGATTTGGAAGACCGTGGAATTTTATTTAAAAGCGCTGTCAGAAGAGTGGTTGGGGTTGGGATTATAATTACAGGACTTCAGCATAGTCAGTAGTGAAAAATCAGAGCAATTTGTTCAGACTGTACAAATGAATTGGGGGCACAAAAGTAGATTAGCTAGAGCACTCAGGTAAAGACAACATCTTTCTGGAGAAGTGGTCAAATTATAAAGCAAAATAACAACAGCTGATGGAGATGACTGAATGGACAATGCTGGAGGAGATATTAATTGAAACAGCAAATTCTTTCAGCCCACAAATTGTAATGCACTGTAAACACCTTTAGAcattgcttcccaaactgtcatcctagaaccagagttagctgacagctttcactgtttcgtgaaaatattagagatataagggcaatattgtcagttttcatttaggctaaatgtattaagtttagattatgtacttccttcatttgctgttacattgacttgctttttttaattaaactatttggtagtggttgttgatgttgctgtcctaaatgcccctttttgaaaaataaaaatccgataaccttatttcagttcacctcatcaattttactttttaatctgcttcacgaaatgtaaaagtccgagaacACGCTGCTTTTATGTATTTAGAAGGAACAAAAAAGACAAACTGTCTGAATTTTTTGACAGTTTTTGAAATCTGAAATAAGTAGAGTTTATAAATGAAAACCAACATAACATTTCTAGCAAATAATGGGAAGAAAACAATTTTATTTTAGATGAA
chr8,133008657,133010245,1588,GATCGACTTTCTAGAAGAAAAAGCATTGTGGACACCGTATCCATTCAGGTGGATATTTTATCCAACAATGTTCCTTCTGATGATGTGGTAAGTTACTGAAAGTTTATGGTAGAGTACTGTCTTGGTAGACATCATTTAAAAGAATTTTTTGCCTTCCACACTTTCGAACAGGAGGAAATACAACTCTAAATTATCCTCAAATCAACTAAATTATTAGTAGAAATTAATCTGATTTAGCTTTGaatttatttataatttattttaCTGAACTCATTTCAGCTGTCTGTAAAGATATATAAACCTAACATTATATGTTATGATGTCAGATTTCACATTATAATTTAGTGTAATAAAAGGAACTGTAAAGTATAAGATTTTTTTGCTAAGAAACTTTATACAAAGCCTGTCATTAAATTAGTGGGCCCTCTAGGTCCTACTTATTTTTAAAAATTTAGGAAATGCAAATTACAGAAATAAATAGAACTATACATCCTCATGTGAAGCCAAATGCTGACTACCTTTGAAAAGTTTTAAAACTGCATCTATAAGGGAAAATGTTTTAATTATTTTGGATAGTAAGGATGTTGTTTAAGCTGTGTCAGTGAACTATGTACTCTGTAAGGACTGTGGCTTATTTAAAACATCATAGATTTCATGCTCTCCTCCCGTTTCAAAAAAGCACAAGAGTGTACCCTCCTGACTTATAGGGGAAAAAGCAGCCAGTATTCTCTAGGACTTATTCTACACAAATCACCAGAGAATTTTTTCATAGTCAAGTAAAAATGCCAAAATGCCAGCATGTCAAGTCAACCTCCACCTTGTGGTTTATCCATTGTTTGCCTTCCTAAGTATTTTATTATTTCTCATTGGTACAATATGCATAATTAAAAGAATATCCATATAGGGAAAGGGAAAGGAAGTTAGCTGAATTATGCTTTCTCAAGCCTCCCTCCTACCCCCTTACAATTCCTATTGATTTATTTGTCTTCAGGTACTAAACCTATTTGGTGGCCAGAGTACAGCCAACTGACTTATGTTTTCTATGCCATTCAACTTCCCATTACATAGAAGTTATGTTTTATTAAGAACTTATCAGCACGGCATCAAGAGTAGTTGAAGAAGCACTTAGTGTTCATTTTGAAACTCAACGCATTAAGTCTAAAGTTTCTTACCAGTTTAAGGCTTAATAACAACTTTTCCCAAATTCACCTCTTTCTTCAGAGCTATTTAATTTATACACTCCTTACCAGTAAGAAGAGTATCTTGCTAGTTCTGTCTTTTAATGATTATGAATTTGCCACTATTACCTTTCTAGGGAAGAAATTCATCCAGAGTCTTAGATTATAAACTTAATTTTGTTAAGGGGACACTATGTGTTATTGACTGGTATTTTCACCTTTCTCCTTTTGTTAACTATTCTTACTTCTTTCAAAAATATATAGAGAACACTTGAAACTGTTGGAAAGAGTCAGTCTATTTTGATAAAATCAACTGAAAAAACATTTGCATAAAGACTCAATGTAGGGGAAAGATTCTTGACACAAATCTTACATTAAAAGTCTGTTAATATTTTTATTAACTTTTACAA
chr8,133010245,133010595,350,GATCCTGTTGTTTTTCATTTACTATAAGTCCTAAGTCAAATATGCCTCACACCAAGCATCTGAAAAGTTAAGTACAGTTTAGTGTCACATTTGCTTGAGCACATTTGAGTTTCAGATTCATTTACCATTGTGGAATCTGCTTTTGGATATTAGAGATGTTTGTTCAAATACCAGAAGACAGAATAATACTATCTTCTAGGCTAAAACTAATTAATTACTTTCATATAATGGACAGGAGAAATTCACATCAGATAGATATTTTACCAGTTAATGGTGCAGCAGAATATCAAACTATTTTCTTAAAATGAATCAGATAAGAACATTGCTCATAAAAAATAACTTTTTTGTTT
chr8,133010595,133010778,183,GATCAAAATTATTTATAGTTTTATATGTATAATCCTAGTTTATCCTGAGATGTATTTGCTTTTGCTTTTTAAACTTATAATTTAAAAAAAAAGAGAGAGAGTCAGAAGGTTGTTTAGATGGAGACCATAACAAACTTCTGTTTCCCTAAACTCAAATTGTTACTCTAGTCTATTGAAATACCT
chr8,133010789,133011491,702,GATCTGCCAGTTCTGACATTTGCAATTCCAACCTTGGCCTACTGAGAATCATTTGGTGAACTTTTTCTAAAAGTTGCCATATATAAAAAGATGTATATTATTATTTCTTCTAAATAATGCATTATTTCTTCTAAAAATGTGCTGATGCCATAAAATGTATTATTGATATTTTTATCATAAAGCAGTTGATTTTATACCTTTTACATATCTCAAAGCAAGAGGGAGATTTGAGAGACTCAAGGTAAAAGGTATTTTTAGAGAGTATAAATTGGTGGTTGACTTTAGACGAATGCTTCCCAatgcatatatatgcacactacacatatatatgcatatatgtgtgtatacacacacatttttataACGATACCTAATTTAAATTAACGTATTCAAGAAGATAAATGACTAAAATAGAACAGAGGCATCTCTGTCTCCTGAGATAAAATTATCAGCTTGACTAATAGAATAAAGCACTATAGGCATGATTTTTTGCTTCCTTATATATGCATAACTGATATGAGTAAAACCTGAAATCACCACACTACTCTTCTCTCTAAAAGCTTATAGTAAGTGCTTGATTATTTAAGGGCATGGGCAGGATGttatatatattaaattttgagtatatgttaaattttttgatataaaattaaGTCACTGGTTGACTGTAAAAGATTGTTGTTTTTTCTATTACAAATAACA
chr8,133011491,133011718,227,GATCTTTGTTTTATATCCATCTACTCCTGCCTTTTTTCCCCAAATGCAACTGGAGAAACTTGTGTGTATGCTAGCATCTAGTCAATATTAGTCACACTCTGTGGTGCTAGATGCTATCAAATTACTATATTAGTAGTAGTGACATAGCAACTACTATAATTAGAAAAAGATGAATGGCAGATTTTATGTAGGCCCAAGGGCATTATATAGTCTAGGTTAGTGTTGTA
chr8,133011718,133011960,242,GATCATAGATAAAGCAAAAGTCATAGATTATAAAGGGAATGttgaaattcctttaggatggtgcctttgcaccacttctctataactccaacataaccagttttccctctatagagttggaacagattatagtttagtagctcaccaaataaagtacgtagcttgtatttaccagctatggtatataaaaatatgaatcattaaatgctagTATAAAGCAGTTAGTCTTAAAAAAAAAAAAA
chr8,133011960,133012175,215,GATCCAcaaaagggatgagtgggagataagattgaagcaaaattatagaaagttgtataccaggctgagggctttctgtgtcacttcacaggaagtaggtaaacaccgaaatttagtcagtgtcattattagagttgtgctttcataaaaagaatctctcaagtgtgacaaggctaaattagaaagaagagactggaggtagaggccagttagga
chr8,133012209,133012596,387,gatctagagtagccaggctggaggtaacaaagagggacaggagggcaggagtactctactttaaagtagaatgaataggaccaacaaatgacttaaagggatttaaagaaaggagacaTTAAAAAAAAGAAAAAATGTAGACACTGATGGCATGACTTAGGGGttctttttttgtttgttttttgagacggagtcttgttctgtcacccaggctggagtgcagtggcgcgatttcggctcactgcaagctccgcctcccgggttcacgccattctcctgcctcagcctcctgagtagctgggactacaggcgcctgccaccatgcccagctaattttttgtatttttagtagagacggggtttcaccatgtttgccaggatggtctc
chr8,133012612,133015333,2721,gatccacccgcctccgcctcccaaagtgctgggattacaggcgtgagccactgtgcctggccGACTTGGGGGTTCTTGATGCTAGGAAGCTGCATCATAATTATCTGAATTAAGGCAAACAGGGACAAAAAGTGAAGAGTTAGTAGGGTAAGGTATTTTAGCTCTTTACTTACCTGAGATTGACAGGTGATAAGTAAAAATTATATGTATCAAGAATGCTGGCCTTCTAACTTCTCCCATGTTCTTTTTCCTCTACTGTAGTTGTGTCTCAAAAGTCAGAAGCTCCTAGCCAGTTCTAAGAACAAAAGCAATTTCTTTTTTTCACTGAAGTACTAGAATGCTTATAAGTACAAATAATTGACCAGCCAGAGCCTAATCTTACATGTCTGCTCCGAATATCTAGAACAAAACAACAGAAGATTCCCAAGTTTAATCTGACTTCAACTAGAACTATGAAGCTCAGTAGCAAAACTGAGGGAGTGGAACTCTTGCTGCTTGATTTCCAGCTAAAGCCTTTGTATTGCAGAGAAGCTAAGGTGCAGAGAATGACGTCTTTTGCTTTCATTAGTCTTGCTGCCTTAGACTTAGCAAAAGAAGCTCATGAGCTAAAATTAGGGATGACCAGATTCCCAGGCAAGTACTCATGTATCGTTTCTTAATTTTTATTCAGAGATACTATAGGAACTGGATATATTATTTATCCTAAGAATGTGCTGATGCCATAAAATGTATTACTGACTTTTATCATAAAGCGGTTGATTTCATACCTTTTTATGTATCTCAAAGCAAGAGAGACTTGAAAGACATAAGTTAAAAGGATAGTTTCAGAGATTATAAATTGGTGGTTAACTTTAGAGAAATACTTCCCAAAGTAGTGGTTCTAACTTTTAAATCATTTAAAATCTTAGTTTTCCTTTTGATTTGTAAACTGTGTGTGGTACCAAAATCATAGAGGCTGTAAAGTACTTAGTTGTTTTTTATCACATGGCTAAAAATGTATTTATGTATAATCTCAGCCTTCACTCTCTCAGAGCATTGTTTACTTACAACACAGTGTTCAGTCAGTGGGACTCAAATCTTCTTGTACATCACAGTACTGGGACTGAGTTCTGTAATTCAAGGGTGGTTTTGTTGCCTAGGGTATGTTAATTATTGCAGTCTAATGCTAATCTATAGACTTGTTTTGGGGAACCACTGCAGTAAGCCATTGTTAGAACCAATGAAAAAGTGGAGATTATTTGGTACTGTGGAGTATAATCACAGCTCACAGCTCAGACCCAACACAAAGAAGAAAACAAATCTGAAAAACTTCTTAGATGACTTGTAACTAGGTAAAGGTGTTATTTATATTGACCCTTTTTAACTCTCGATTTCACTTATCACTTTTCTCTAGGTTAGTAACACTGAAGAAATCACTTTTGAAGCATTGAAGAAAGCAATTGGTGAGATATTTTGCACTTGTTAGTACTACCAATATTTAACTTATCTTTATCTGCTGCTTTTTTCGATGACAGAATACGTAGAGGGGACATTACAAAAATAAACCAAAGAAACTTGTTGGCTTCTATAGACATGTATCATTTATTTAGCTACATGTTTTAGGCTTCAGAATTGTCTTGTCCCTTCAGGGTCATATTCCTGAACAAACAGACACAATTATGGCAGTGATATAAAAGAAGACATTTATTAATTTACTTTCTCACAAACTTTGGCCAGACCATACGTCATCATAAGACCAAGAAAATTCCTTTCCAAATTGTGGTAAATAAATGGAAAAGGCTACAACAACATGGTTCCAAATGACCCCATTCTTATTTCAGTTATTCCACTCAGTACCAAGATTCAATTTAGCAAATATTTTATGTAGTACCTCGTATGTGCAAGAACGTAGTTGTATAAAAGAATCATCCTTCAGGAAGGACTGTGAAGTAGTTCGACTTGTAGGAAGCTCCCATTCCCTTGCCATTTTTTGGTAAGAGAGACAAAGGCATTCTGTGAAAGAGAATCTTGTGATGTGTAGTTTTAACCCTTAGATTTTTTTGGGTTTTTGTGTGTGTGTGCTTTCTAGCCTTAAACAAGACATTTCATGGATGTTAGGCCTTTTTATTTTTTTCTTATAGAAGCCCTGTAAATTGCCCTTAATTTTGGATGATATATCATTAACTCTTAACGGTCATTGACTGGGTTCTGTGAAATTATGTATTCCCTTTAATAAGTCTTTATAAATATTTGTATAGATACCAGTGGAATGGAAGAACAGGAAAAGGAAAAGAGGCGTCTTGTGATAGAGAAATTTCAGAAAGCACCTTTTGAAGAAATAGCAGCACAGTGTGAATCCAAAGTAAGTGAAGAAACGGTGAAGGGCTTGTGGGTGGACTGTTGTTTTGTGGAAACTCTTCCTTGGTGATTAGTTGATAAGTTCCAAGCTTTAGTCAAATCAACGGAACACAGGAAAATATATCAGATAAGGACTGAAACTCTGAAGGCATATCTATGAGACCTAAATAATTTCTTTGTATGATGTAAGCTGATGGAAATAGTGGAACTGTTTTCCCAAATTAAGTATTAGTGATTGTTATTGTTTTGATAGTTTTTTGCAGTGGTTTTCCATGATTTTGCTGCAGGTATTTTGTTTTATGTGTTTGTTGATATGTTTTTAACATTGAGACGAGGAAAGGGAAAAAAAGACAACCCTTACATTAAATTCTAATAGATAAGACA
chr8,133015333,133015664,331,GATCAAACCAAAACTTTAAAGCATTGTGTACTTAATAATTAATCAGCTTAATAGTCACAATTATACTTTGTCTCTTAAGTTACATTGATATTATTATATATAGATACCTAGAAAATAAACCATTCTTAACATTTTTTTCTTTTTTGCAGGCAAATTTGCTTCATGATAGACTTGCCCAAATATTGGAACTCACCATACGGTAAGGGTTTTGTTATCACAATAGCAATAACACACACACACGAATAGAAACTGACAGACCCCTATGAATTTGTGGTTCATTATGTTTAAGTTATCATGTTAAAGTAATGCTTTTCATTTAGGATTAACATAA
chr8,133015788,133016614,826,GATCTCTTAAGTACATCTGGGTAATTTAAAAAAGACCCATATTCTAATATTATGCTTAATTAGGAAATTGCTCATATTGAATCGTTTTGTCCTGCAGAAACTGCATTTTAATATGTCAGCCTCATGGTTCTTTTCAGGGCAGTAATAAGTCTACTTATGCAGATAGCTCATTTGAATTATTGAACTTTCCTTTAGTTTTTGTACATCATATTCATTTGAGTTCTGTTGTGAATTATTATGCTCTTTGATTATCCTATGTCTATACATTAATAAGAAATGTAGCACCTGAAGGAAGGAGAGGCAAACTCTAGGTTCCATCTAAAGAAGGAACTTCCACATAGTCTTACATTGACTTCAGTGTGGAAACCTGCCTTTGTGAGAGGTGGCCAGTAGAGATGTCTATGCTTCTGGAAATTTTTTCTATATCTGGCATATCTTTCATATTTTTAACTTGATTAATTAAGTCTGTTTTTCTTCAACCCTGTATTATATTAATATTAGAGACAGGTAAATGCTCTAGGCCACTTGCTTTTTTGTTTCAGTCTTTTTTCTGCTTTCATAAGCAAGGCACATTTTTGTCATTATATATCTTACTCTAGACATTTCCCTCCCATTCCTGCTATACTCTCTTAAGTTGAGAATCACTCATTTACAAAATTTAAGAACAGAAAATCAGACTAAAATATTCAATATGTGCTAGACAaggggtccccaaccctcagtccagagacctgtactggcccatggcctattaggaaccaggctccacagcaggaggtgagcagtgggcaagtgaacattattgtctgagctccgcttcctgtca
chr8,133016728,133016926,198,gatcaatttcatcctgaaatcatccccccagtccccatccttggaaaaactgtcttccacaaaactggtccctggtgccaaaaaggtcggcgactgttgTGCTAGACTTAGGATTCAATTAAAATTGCTGGGTGTGGGCATTTACTTCTTTGATGACTAAATGTCAAACATTTAAtagtaaatgtctactgtgtactt
chr8,133016926,133017136,210,gatcttatgctacatggtttatatctattatttctgctaatcctcaccatagccctgaaaggtaggtagacactatttttttgatttttcaggtgaagacaccaaggcttagagaaaagtaaaataatttgctgaagggcatacagctaatgagtggcaaagtcaaaattcaaatccaTAACTGATGTTCTTAAAAGGAATGTTGCTAGA
chr8,133017136,133017886,750,GATCACCATATCACATTTAGTCAAACTAACATAACTATATGAATTTAATATTTTAGAATAAGTATTATAACTAATTCTGTTTCATTGGTACCACAACTACTACTAATACTTACATTCATTGAACAGTTACTACtaataattaacatttttaaacacctatgttgttctaagcactgtgctaaatgtattattttatttaatatctgcaacagactctaacaaacagatagtgattattctcattttacatgtttgtaaacagacatacatggaagttaggtaacttatacagggtcacctatttaggaagcagtagctctggaatAGCTTATGGAGAAACTAAATAGACTTTATAGAAATGTGTCTTCAGAGTTTTCAGGTCCTGTCTGGTACATTTTCTCTTGTTAATTTGCCTCACCCTAACCATCAGACAGTGGAAAGAGTTTGTATCCTCCATAAAAGAAACAGAACAACACAATATTATACTTCGCTCCCACTGTTCTTTCATTTACATTTTAACCATACCTGAGTATGGTTAAAAAAAAAAACAAGAAAGGCAAAGAAGCAGTAAAATACAGTGAGAATAAGCAGCCTCACAGATAACCCAGTTATTGGAATTAGTAGAAAAGGCCCTTAGAACACCACACACCCACACCCCCCACCCAGGCCCCACACACACACGTCAAAGAATTTAAAGGACAAGATACATATAGTTTGGAGAGAAATGTGTGTGACATTGCTTATTCTCAC
chr8,133017886,133018389,503,GATCGTCTCCTGTTTCTTTGCattataattgcaaattttaatgttcctctcataagagtactaaaacataactaacaagaagacaaaaatgcagaaaggatataagatttgaaccatttcagtcaatttaagtggcctttagaaaacacaatgctaggcaaatacagaatatagattcttttgaagtgcacatacaacattcacaaaatagacagatgtgggactatagcaagtgtaagtaaatgtcaggaaactgacatgttaagacatcatattgagtatgttctcttgccacaaaaaaaagtataatgcattaacacatatctagaaaaatttcaaatatctggaaattaaaagacacccatacctcaaagaagaaatgacaggacgaattagaaaacattttaaactgaaaatacctatcaaagttttgtaagatgaaactaaaatcgtgctcaggagcaattttatatctttagatgcttttgcttgcaaagaagaga
chr8,133018389,133019086,697,gatctgaaagcagtgaattaatgacttttggtgagacattagagaaagaagaacaacataagctaaactaagtatatcagaagtcaatgaaacagaaaataggcaaacaatagaaaatattaacaaacctaaaagtttgttctttgaaatggttgataaaattggtaaacctctggtcagtgttaaggaagaaaaagagagaaaacacagattaccaatattacaaataaaaaagaattatagataataaaggaatgttatacacaattttatgacaataaattcaacactttagatgaaatgagcaaaaattattgaaagtcaaaactaactaaaattgacacaaaaagtagtaaaacatccaaataaccctataactgttgaaatagatttgcagtttaaaagcatcctacaagaaaatgcatttaacttcactgcttacttttatcatacatttaggtaagaaataataccagtttcatacatattcaggaaacaaaggaggtagaaacattttctaactcatgaggccagtataacttcaacacttaaatgagacaaggatattttaagaaaaatgaaattatagacaagtacccctcctgaatatagtcacagaaatctttatcaaaatgttagcaaatgtataaaactgatgatatggcctaaataaatggggttactatgaggaaagcaa
chr8,133019161,133019795,634,gatcacaccagtaggaaaaaaagcatttgaaaaagctcaatgttcatttaagacaaaaattatcagaaaatttggaatagaagggaacttaatctgataaagagtaattataaaaaaatctattgctgatgttatgtataatggtgaaagtctgatgcctttcacctaaaactgggtcaaggatgtctactctcaccatgtcaacattgtattgaaagtcttaggtaagtaaagtgaaaaaaggaaaaatataaagatgagaaaggaagaaataaaactatcttttcacagatgacatggttgtgtatgtggaaaatcgtaagtaatcaagaaaaaaaaccctactagagttaatacatgaattaaatgaattttagtaaggtcacaggattcagggtattcaaggtcagtattcaaaattcagttgtatatctatatattaacaacaaacaattgcaagagtaaatttttaaacatagcattaaaaaaattagccataatttaacagtatgtaagatttctgttatgaatataaaacatgaatgagagaaattaacacctaaacaaaggagagatataccatgttcatggactgaaggattaaatattgtttatatgctgtttctttcaagtt
chr8,133019795,133020017,222,gatctgtagcttcaataaaatcccaatcaaaaccccaacagacttttttgtaaaaacgtataaattgattttaaaattcagatgaaagtacaaaggacctggagtagctaaacagttttgaaaaggaaaaataaagttgaagaatttacactgcctaatttcaatacttgatttataaagccagagtagtcaagacattattggtataagagtacacaaaga
chr8,133020017,133020892,875,gatcaagataacagaatggagagtcctatcaaaaacttaagtgatttttgataaaggaatcaaaacaatttaatgaggaaaagaaaatattttcaacaaatgtcctggaacaactagataagctaaaagaaaaatactaatctcaatccctaccttccaccaaacacaaacattaattattaagttgggtaatcaatgtctatgtaaaagctaaaatcaaaatttctaaaagaaaacataggaaagagtcctctcagtcttaaaatgagcaaaaagatttcttaggacacacaaagtactaaacaaaattggtaaattggtcttcatccaaattaaaaacttaccattaaaagactccagtaagaaaatgaaaaggcagaccacaaactcagaaaatacagtatacacaataccaatatctgataaagaacccctacaactgaaaaataaaaagacaattttcagtggccaagacagtagttgttttacaaaaggaatgtttgaatcgccaataagcatgtgtaaaagtgtttaaaatcattcgttaacaaggaaatgcaaatttaagataccattttgtgcccaataaaatgagagaattgaatatattcacagaaagatatatgtgaatgtttatgacagttttattcatagttgccaaatgtccattagcacgagaacagacaaatggtgataatataatgaaatactattcagcaataaaaaggaacacaatttttggggtaaatctgaaaaacatattaagtaacagaaatcagacataaaagaagacagtttgttggactgttcatagagcctgtatagaccatttacgtgaagtttaagaacaagcaccactaatcttcagtgatgga
chr8,133020892,133021043,151,gatcagaacatagttgttgcatgtggatgtatgtgtatgggtatgtcagagtggggagaaattgactggttagggacatgaaacattttgggggtgattgaaagtgttcagtatctcttgaacccaggaggtggaggttacagtgagccaa
chr8,133021043,133021216,173,gatcacacaattgcactccagcctgggtgacaagagtaaaactccatctcaaaaaaaaaaaaaaaaaaaaaaaaaaaaGAAAGTGTTCATTATCTCTATTGGGCTGTGATTTACAtgggtgtgatttacatgagtgtatacatttgtcaatttttgtcaaacagtacccttaa
chr8,133021216,133021738,522,gatcagtttatttcattctgtgaaaattatcccttaataaaaaaTTTAAGTGTATTGTAAATACTGGAACAATTGCAAAATTGTTAGTTACCAAAAATAGATATACCAGGAAAATATAAGAAAACCAACTGAATAACTTAACAATTGAGGACAGTTTGCAGTTAAAAATAATTATATGAAATTAATATCTGTGCATTTATTAATTAAAATGAAaacactcttaaccatgagctaataaattcaaagaagtatataagacttacatgaagaaactatatatctctgaaatatgcttaagaatatttatataaatggaaacatcttattcttgaataggaagttaacatagatgtcagttttctgtagattaagctatcattttagtaagataattttttttaagtatttgaacaaatgatgctaaggtcaatgtgaaagaatccacatgcaagagcagtcaggaaaatgctgtagaaagaaacaagggagtatttgccttgcttggtagaaaaacatatgaca
chr8,133021738,133021867,129,gatctttggtacttacaccagattggACCTGCATATGGGTAAGTGGAAGAGAGGAAAATTCAAGTATAGAAGGTATCTGTGGTAAAGATAAGATTTCAGATTTTCAAAGAAAAGGGCAACTGTTGAGTT
chr8,133021867,133022921,1054,GATCTCATTTGGACAACTGCTGAACACTACTGACCAGCGAGGAAGGGTCGGGGGAAGTTTTCCACTTCACTTCTTTTGCCAAGGTAGACAGCTTCACTCATTGTTTAGAAAAATACATAAAAACACTAGAATTAATACAGGAGTATTTCTTGTAATCTTGATGTAGAGGGAAAGTTTTTCTTAGCATAACTAAAAAACTAAAAATTATAAGGAAATAATTGATTTTTTTTGGTAAGGCTTTTAAGCATTTGGCAACAAAAAAAGTTGAGAATTAAATAATGAATTGGAGGAAAGCATCTGTATCATATGACAAAAGGTTAGTTTCCcaaattgataagagaaaaatatctgagtaggattagaggcagtggacttaaataggcagtttacattttcaaagaaatgtaaaatggatactacaaagatacttaccattaatagtaacatagaatttaaaaatgaaaataagaatgaattatctcctacctctcagattggcaaagctgttttaaaaagactgactatatctaatatttgtaacagtgtaaaaggcacagtgaaatgctgaaagtgtaaattgctggtattccggcaatatgtatgtaccaaagtcaacattttgagtacactttgatgcagaaattctacttgtaagactataaaccaaggtgacaatcagtcggaataaaattatgtatgtataagaacagactttttaacattatttatcatgatgaaaaaatgaaaatgaacctGCATTTGTTCTCTGGATTAAATCAAGTATGAGatatatatatatatatatatatatatatatatatatatatataATGAAATACCATTCTGTCATCAAAAAAGATAATATCTGTATACATGAAATAATTTTTTACTAATGAAACAAAGCTCACAAGAATGGGTAGAGTATAATCGCATTTAAAATTGTATATACATATTTTCCAAGGAAAATGTCTGCTTTAGACTTAAAAACAGTTTGACACTACTGCAGTCTGTTTCCCATGCAGCCTTGTAGCTGGCCAGTAACTACAATGGCATT
chr8,133022921,133023124,203,GATCACTGCAATTAAGGAGTCTGACTTTGATATTCGCAGATAGTAGATAGAATACTCGGTGAAATGAACAGCTTGTAAGTACACCTGCTGACAATGTATTTTTGTTCTTTTATAGTCCTCCTCCCAGTCCATCAGGAACACTGACCATTACTTCTGGGCATGCCCAATACCAATCTGTCCCAGTCTATGAGATGAAGTTTCCA
chr8,133023140,133024237,1097,GATCGGCGCATGAAGACCTCAGGATATGATTTGTAAAGCCTAAAAATTAAGGCCAAGCTGAGCTTTCAGGGTTTACTTAATGTGTATTAACATACTTCTTGAAAATAATGATGGAACATATCTTTAACCAAATGTTTGGCATACCATATTAGAAGTTTTGGAGCTATATATAATTTCGAGTACTTTCAAAGATAGATTTATGCCATGTTAATTTGCTTTGAGGTTCCTGTTGCCTTTTTAAGTTGAACATGTTTTGGTTTCACTTTATTCCACTGTTAAGTAGTATGTTTTAAACTTTTCACAAATGTAATGTTTTTTAAAAAGTAAGCCTTCAGAGGATTGAAACTGTATAAATTGTTTATCTCTTAAACATCTACACAGCCGCTTAGATGTAGAATTTTTGTTGTTGTTTTCTGCAAAGGCAGATACATTTAAATATATTCCTAGTCCTGGGACTGCAAAACTGTTCGGTGGCTTTTTGTCCCCATGCTTTAGATAAGCTGGGATAGGCACCTTGCTATTCAGTTACTATAATAATATGTGATAGGCATTCCTCATCTTCTTCACAATAATAGGACATCTGTTGAATAGCATTCCTCGAATATAACCCTAAAAACGCCATACTTTAAATTGTCTGGTTCTTGTAATATTGTGTTTCCTGCCAAGAGTTTGACCATTCTGCTTGAGAAGTGTAGAGCTTACTCTTGGAGTACCAAACTGTGCAATATTTTTACATCATAAGATGTATTAGTTTACAGGCTGTGCTTTGAAATTATAGTAGTATTTTGCTGTGGCTCCATTAATTAAATGAGATATATATTTAGTGCAGAAAAAAGACATTTAAAACAGCTATTAGTTCACCTGTGAAGAGTCTGTACATTTTGATTTCTATTAAGAGCACATTTATTTACATTTGTATATTATTTTAAATCCTCATAGTCAAAAAATTCTCCAGATGGACTTTTAATTTGTAAGATTTGAACTGTGACTTGTATACATCTGTTTAGAATCAATTATATTTGAAAAGCTGCCTGTGTTTTAACAGTCAAGTGTGCTAAAGTTTGTCAATTTAAGCTGCTTTTGATTTCAGCTACCAA
chr8,133024237,133024668,431,GATCACAGGTGCACTCTACACATAACACTGACAGACCCATAACATTACATACATCTTAGTGAATTCTATCACATGGTAAAATGAACAGCTTTCTTTGTAACTCATAAAATTCTCTTAGGACATTTTTATAAAGTCACCTGTTTATAGTTCTATCTTTTCAGATTCCATTTCTTTTTACATAAAACAGCATACATATCAAAAACTGTAGCCTAGAATACAGTTTAATTTTTGGCTTTTGTTTTTGTTTAAAAAATTGCAGTGAAGAATGGGATGTTTGTGTTTATGGCTATTTGGGCACCTTTAGTAGAAACAGACAAAAGTAAGGAAACGATAATAGGACAAGCATACTTGAAAATTTCTGAATACTTAAACAAAAGCGCAACATCTTGAAAACCAGTCTAGTCATTGAAACCTATGAAATGACACTGAAA
chr8,133024788,133025272,484,GATCAGGAAAAATGCTTCACCAGTCCGTAAAGCCAAGTTGTATTTTTTTAATTGCCCTTTTTTCCTTCTGTATTTTTAAAGAAGGATGTTAATTTTTGACTATATATTTTAAAAAAATCTAAGCAGGGGGACATGCAAAAACAATCATCATCCACTTGGATGTCATTTTATAGATTAACACTGTGTGCTTTTGTATGGaaaaaatatatataatttaatagtataaaaaataaaatatatattCATTTGCACTTACGTGAAACACAAACTTTGCTCTACAAAATTTCGTGTTTCTTAGTGATTTTAAAATGCATGTATTGCATGTAAAGGAAAACCATTACAATTAATGTTTATCACACCTTTATCTTGGTCTTTGTTGATTTGGGTTTTGTTGGGGTTTTTGTTACTGTTTTTAAATTACAGTAGGCTTCTATATATCCTGGATTTCTGAACTGGTCTTGTTGACAAGGATTCCCAAGAAATG
chr8,133025272,133025936,664,GATCTTTTCACTGGCTGACTCTCCCATATCTGCAAGAGATTCTGCAGGAACTGGGTGTGCACACGGTGTTGTAGCCAGTTCAGGTACTGAATATTTAGGATTTGGTGAAGTTCACTGTATTGCTATATTTTTGTAGATAAATAAAACTCAATAAATTGTTAATCATTCTCTTTTTGCTGTATAGAATTGCTTATATCACTCTTTCTTTCATGACATTGGTTAACATTTAAATGTTCCTCCTGTACTTGTGTTGTCTGTGACCGCTTATAGAGTTTTATTGTTATTGGTGTTTACCTGAATACCTATGCGTACACACACACATATTTCCTTAATACTTCTGAACTCATTATCTTTTAGAATAATAATACTACTACACTTTACCAGCAATTAACTTCTCCCTACCCAAAATGTTTTTCTTCCTGTCTGAAAATGGAACTAATTTGTCTTATTCGTGCTTATATCTGTATTAAATGCAATAAAGTTAGTTTTTGAAATGTAAAAATTCACTGTGCAATTCATATGTCAGCAATAAAACATAGATTATTTGTATATAAGTTCATTTTTATAGCTATTGTTACATTTAATTAAATTTATTCAATATTTGCTTAAATTAAAAATGAATTGCTTCTTttgagcccaatagttcaaggctgcagtgagctag
chr8,133025936,133026458,522,gatcatgccactatactccagtctgggtgacaaagcatgaccccatctcaaaaacaaaaaCTGAAGAGCTTTAGTAAAAATCAGTATGCCAAGTGAATTCGTTCCCATGTACATTGGAAGTATCAGAATGATAACTGCTAGTCATGACAATGACAAGACGTAGTAAGGTAAAGTTCACAGTGTGTGCTTGTGAAAGTGTAGTTGCCATCTCTGTGTCAGTCTTAATGATTGTCTTTTCAACCTTACCTCCTTGTCCTATAAATTACACAAAGCAGCTCTTAAAAAAAAatatatatatatatatatatgtatatatatatatacacacacacataCTCTCAGTACCCTATCCCCACCTGATTTGCTTATTCTACCACTTACAAAGATGTGCATCATAGCCTAAATGTGGTTCAGGGACCTCCTTTGTTAGGcaacgtagcatagcggtgaggagctcaggctgttgttcacaaattcagcaccaccactacctaagtgaccttaggccaatgactgaacttt
chr8,133026458,133026769,311,gatccgtgaagttctcatctgtaaagtgagcatggtaagttctgccctccgaggttagctgtgaggagtaagtgaaccacttagaagaggttccctgtgccacgcctacgtgacacagagtaagcattcaataaatgattaataatcatCTTTGAGTTCACTACactgggacataggcaactgggcagtcctcagctctgcagtcttaggccagccattccacatttctgaacctgtttgcatgggtacaaaatgagcactgtgtttgctgtgctatcccatatactttccttccaactctaacttgctgt
chr8,133026806,133027007,201,GATCTCAAGTGCCAAGTTCAAATGAATGAAAAAGCAGAGGCAAGGTGGAACATCAAACTCTGCCTCTTAGTTTTGCTGTATTCAGCCTTTTACCTGTACGTTGAATCAGATGCAGACTCTTACGAAGGCACtgtcttagcctaggtttctctaaagcagagcctgagacaaggtgtacgtggaggtattactttgggaatt
chr8,133027007,133027875,868,gatctaacatggaagcagaaaaagccgattaagaggatttcttgattgtctcacttgaggtgcctggataaccattccactggacattctaaggagtctcataaaaataatctcaaaacttcccaggggatgaaaaattgggaaagcatttattatttggcttctgttcatggttgaaggtggccctgtggtcattaactctcccacgtttttggactgtttgtgcttgagtgctgagctgttaccccaagtttcccatacctcattctcagggaagtcctgtgccagaaggcaggaagtacagcagtacagcaagcaggcaagcattgccattccacttccatgaggcagtcagagtccgtgtggaaattgttatcacagcagggtctgaagggatatgtgaggattagaggatgtgaagtcaagcaaaagatgtccaaGATAGCACCATCTAGTCTGGTAGTTAAGAACAAGGCTAAATCTGGGAGCATTTGGTTTATAATTTCATATGTCCCCCATCTTGCTCACTGGTTTTGGCCATAATACCTTTTGCACCGTTGTATTTGCTGACCCTTTGCTTTTCTTATCCTACCTCACCTGCATAAAGGTTACAGCTGTACACTTGTAGAATTCCTGATTCAAGAGACTTAagggctgaaagaatcttagagtcaggttcattcaaagcttatgtttgacagatgagaacattgaaattcagaCTTAAAGCTGACAGTAGTCATTCACCAACTAGCTTTAAACTAGTAAACTTCTGATTATGACATCAACTTTTGTATATCTGAAATTAGAAATACCATTCAATTCCCTAATACCGCAAGAAAATATAAAAAGTAATCATCTCAAATAT
chr8,133027919,133028059,140,GATCCAGCACATTCAACTCAGTGCACAGTAGGCTTCtttaaaaaaaaatgctttactgagatataattcacgtaccataaaattcacattttaaagcgtacagttcagtgacttttaatatattcacaatatgaaacact
chr8,133028059,133028750,691,gatcaccactatctaatcccagaacacttaaatcactcaaaaagaaaccgcatactccttaccagacacacatttccccttccccaccaggccttggcaactgcatttctctagagactaatgatgttgaacatctttccatgtgctctttggccatttgtatatcttctttggagaaatatatattctgaatctttactttttggggggttgtctttttatggctgTAGCCTCTTGTCCCTAGTCTGCACTCTTTCCAATTTTTTATTTTGCTGCCACATACATCTTTCTGAAGTGTAGGAAGCACTACTTAAAATACTTCTCAGACTTTCCTATACACAATAGGACCCAAACTTCCTTGCCCAACATTATAGGGCTTCCATCGTCGTTATAACACCAGCCTTTCTGCTTCCTGAGGAAGTGACTCTAAcatgagtcctgttttggatgtgttaaatttaaggtgcctggggagcatccaagtaacatatactagcatgaggttgaatattcaggcctggaattcagagatttggtagtgattcagaagtcaaaagcatactgacaacaattaaaactgaaaatgaatgagcgtgtcccaaggaagagagggtttgtgacttgtgaaaagctgctggccccacatagacacctgggaacacatagctttagaaagaggggctgcaaaagg
chr8,133028750,133029286,536,gatcaagagaaagataccaagaagTTATAAGAGCTGCTTGTTCATGTGTTTGCCTGTTCCCTTTTTCAAACTATTAGGATTTGAAATCTAAAAATAGCCTAGAAACCGTATAAACTCAAAGTGGGGGAAAAAGTCTTTCTCTCCATCCATTATTGATGTATACTGTGGGGGGAGAAGTTACCATCAGAATTCTGTAATCTCAGGGAAAGTATCACCTTTAAATTCCCTTTCGGCTCTAGCTTTTTGTAATTCAGTCTACAGTGTAGTGCTATGAAGACTATTTTCACTGAgtcagacctggaataatccttagaagtcatcaaatctaacgccttcactctGGCCTTCTGGAGCAGAACGGGACTGTCCCCTCCCTCCGCTATGCAGCCAGCAAGACGGGCCCAAGGGAAAAGACATGAAATGAACAGTGATTTAGGAAACTAAGCAGGATAGAAGTTGGTGCTTACTCCAAGACACACAGCGGGGAATGGGACATGGCGGGACTTTTAAGTTCTAGTTCAGTTAAGCACTGTCAG
chr8,133029286,133029506,220,GATCACCTCTTAAAACATAAGTTCACTACTTCTGCTTAACAGTATTTACAGGGAGAACCATTAAAGATTGTTAAGCAGAAGTAGTGAACTTGATGTGTTTTAAAAGAACCAATATGCTCATTTCTTAGCCAGACACTCAAGGCCCTTCACAATCTAAACCTACCCTGCAGATTGTTAAGCATAAACCCTGAATTTTTTATAAGATGGTATTTTTACCAGG
chr8,133029506,133030198,692,GATCTGGGATGCCTGAATCCTGCCTTTACAAGTCAGCCAACCAGGGTGAAATTCTTCATAAGCTGTTAAGATAAAACAAATGTACTTtagtcccccattatctgcaggtgatatattccaagacccccagtggatgcctgagaccgtggatactaccaaactctatataccactatgttttttcctatcatacatacctatgataaagtttaatttataaattaggcacagtaagagactaacaacaataagctcatagaaaaattataacaatatacttctatacacagaaaataagggtgacgaacacaagcgctgcaatattgcagcagtcaatctgataacagtttctaagtgactaatgggcatgtagtgtctacagcacagacatgctaggcaaaggggtgattcacatcctaggtgggatgaatttgggtggtgagagattttgtcacactacttagaagagtgcacagtttaaaaactctgaattgtttatttctagagttttccatttaatattttcagacctgaattgtccacaggtaactaaaaccacaaaaagcaaaactgcagataagcgggggactactgTAAATAGAAAGCAAACTACCACTTTAAGCTGTACCTGACAGACATATTGCAAGACACCCCTTTAAAAAGCTCTCCATAttgggaggccaaggcgggtg
chr8,133030214,133030372,158,gatcgagaccatcctggctaacacggtgaaaccccatctctactaaaaatacaaaaaattagccgggtgcggtggtgggcgcctgtagtcccagctcctcaggaggctgaggcaggagaatggcctgaacccaggaggcggagcttgcagcgagccga
chr8,133030372,133030924,552,gatcatgccactgcactctggcctgggcgaaagagcgagactccgtctcaaaaaaaaaaaaaaGCTCTCGCTCTCCATAAAGGCTTTCTAGTCCAAATACCGCTCTCCCTGGCAGGACTTTTCAGGAATCTAGACCTACTTCATTCTCAGTACCTGAGCAGCTGGTTGTTGCTGGTGAGATGTAGACCAAGggaggtagagccaggagagtgtactgatgggttgaattgggaagatacaggaaaattttccgaggttttagtccagattaagtttgatgattggctgtgttattcactaaggcagaaagagtggggcaagagcaagttcatagtgggaaaggatgcatcaggctaggaatcaacgggtttgttttggccaagttaagtttcagatgcttacagactatcaagcaaatatccaagtgactattcaaatatgtgagtttggagtcatggaaaaggccagcgtttgtgccgtaaatatggaaatcagcagGTTACATGAAGAGAGAAGAAGAGAGTACtgataaagactctccttgaccaagga
chr8,133030924,133031804,880,gatcaagtcaggctgctctgagccctcttctcaagtaggcctcagactaggcctttgagaacttacactctcaccacaaacaattttgtccactccccacactaggaggcttgagcaaacactagtatagctcctaacagctcaagggcacacccttaggataaggaccccagccccacttaagtccttgtctgagaaagctcaatgctgacaaaataatttactcttcattccagcgaaaacctgagtttaggccccgacctccattttcttagagcatttactttacagaactagcaactataaatcttttccctgcccctttgagatataaatcttctaccactcagaaatggctcctcacagacctaggagccgtctcttttacaggccaactttgagggacagagctctcctgcctcagttcctgagggtgggtaggctcaggaactgagacagcagagctagctccctcaacgttgctccagtttacaaaagagctatctcccaccttgctctcatttgcaaaactgcctcctgtccttaacatatgataaatttgttttgccttcagatgaccagcaattaacaaacacagatggctaatcacgtagcccagtcccccttacatccttcggtacatttcctttagcataccccagccaacaaactatgctaaggggaaactaagaaaacaatcgggtttacatctgtaacagaaaataaaatacttaggaattatccagagatgtaaaagacctatttaataaaaattatgagacactgatgaaggaaactaaaaaagaatcaaataaatggagaaacattcttcaagaattgaaataattaatattattaagatgtccataatacacaaagt
chr8,133031903,133032080,177,gatcctggatagccaaagcaatcttgagaagaacaaagctggaggcatcacacttcctggctacaaagtatattacaaagctataataaacaagtatggtgttggcataaaaacagacacaaaccagtggaacagaatagaaagtggagaaataaatgcacaaactaatggtcagct
chr8,133032080,133032285,205,gatcttataccagagtactaagaacacgcaatggggaaaggaaacaaatggtgtttggaaaactggatatacacattgaaaaaataaagaacttagggccatatctcacaccatacacaaaaatcaacccaaaatgagttaaagacttagacataaaacttgacactatcctagaagaaaatatatgaaaaaccttcttgacatt
chr8,133032285,133033258,973,gatcttggcaataatttttttggagatgacccaaaaacaaaggcaacaaaagcagaaataatcaagtggactatgtcaaatgaaaaagtttctgcataccaaagtaaacaacagagtaaaaagacaacctacaaagtgtgagaaaaaatatattcttaaacattttggtttgtatccaaaatatataaggaattcatataactcaatactaaaaatacaaataatctagtttaaaaattggctaaggagctaaatagacagttctcaaaagaagacattcatatggccaacaaagcatataaaacagtgtgcaacattcataatcatcagggaaatgcaaatcaaaaccacaatgaaatatcacctcaaatctgttatggtggttagtatcaaatatacaaaaaagtgttggtgatgatgtgtagaaaagtgaactcttttatacttctggtgggaatttaaattggtacagccattatggaaaacagtatagggattcctcaaaatattaaaaatagaactgctatatgacccagcaatcccactcctctctatagatatagatatagatagatatagatatccaaaggctttaaaaataggcttcaaagaggtatctgcactcctgtgttcactgcagcattattcacaatagtcaacatatggaaacaacctaaatattttttgacagatgaatgattaaagaaaatgtggtgtatatatgcacaatgaaatattcagctacatccacaaaaagaaaatcctgccatttgtgacagcatggatggagctagaagtcattacgctgagtaaatcaagccagacacagaaaaattctgcacaatctcacttatatgtaaaatctaaaattctcaaacctgtagaagcagagaagagggacttaagggaggaaagaatggtgtgatgttggtcaaaggatacaaagtctcaattgtgcaacataagttctaga
chr8,133033258,133034149,891,gatctaatgtacagcatggggacagtaatttacaatattgtattgtatacctgaaaaaaggcctctcaccttttgttatcgcagagttgagctgaagttgcccagaggtctctcctctactgcaatagtactgaataaaatctgccttgccattttaacaagtgtctagtgcaaaatttttcttttaTGATGcctagggctgagccctaaagtacactaacatttagagggttgctaaagaaagaggaataagcaaagaagactgagggaaagtaaccaaaaaggtagaatgaaaactagtagaatgtgtagtcattactggtaacaggaaaatgttgaagaaggaaggagtggtcagtgtggaattatgctggaaggttaagatgagaacagacgtgtgtccaatggttcaagcagcatatggaggtcatttgtgactttgacaggaacagtttctgttgaatgatgttatgtgcctgattgaaaagatgacggggaatgtaaacattttttgagaagttgtcttatgagaacaaataaataaatggggggtgatatctaaagcagaatgtagagtcaagggagggatttttatagatgggagaatttaggctgtgtttttacacagattagagtgatatagaagagagagagagattgatatagaacaaagaggagatatttgcaggaatcaaaccctagagaaggcaacagggcattgtactagatgataggtggagaatttgacctttgataaggaaaaggaaaacttacctcattgtaacaagaaggaagagaaagactatgcagggaattttgtagttttgatggcaggaagacgaaggtattcccactggaaagtttcaattatctcaatagagtattagatga
chr8,133034149,133035692,1543,gatctaattagatgagTATTAGATGAGAATTGTACTaaacaattctccatgtgtctcttgcatttctgcatgtcttgtgagctgagacattaactacctttattctggactaacttttcaaggatgcggtacagcaaacagacagggaaggtagggataatgtttccctttggctccataggcagacatacttattttcctgtattataaagataatgtctccttctgggatataagacaggcagtcttaaagcccattataaaacatcgaggttccctaaattcagcattctcctgtgtaattaaaagcactgcatgtgtaggtgtcccctggccctctctgcactgcttcaggtttcaggaaagcaacataaatgctgggactcaggttactgtcattgctgtaagtaacaaagtcctttgtctctgacccaagcatctcaggtctttggccagcatccatgaaacacaaacttgtaaggttgtaagtaaggtaaaatttcaaattcttcaaagttcttgagtcatcaattgagagtgagggggaggcaaggggagtttgagggcagaagagaagataccaaacagttgtcctggagagcagaagagtcaactggttaggaaaaggctgagcatccatttgaggtttcgtggttgtaaacttgaagtgaaatggctcagctcagtttcattttttccctccagtcacattcagctgcctctagtgaagatgtggagaaggcagaTGGTCATCATACTGTGGGTGACTTAACACAGTGATAGCCACGGTGAGTGGACCCTTAGTCAATTCCTCCTTGATTAAAGGGAGGGAAGAAGGAGCCAGGCAACAATCAATTTATTACTTGCAGCAAATGCCATGGGGCATGcctccatccttgccatcttagtgcacgctggctgattgccagctgctgacacctgcatttctttgcctaaagacttctctggccaccagagcccactttgcccccaactgtgcagcaggccaggaggaaatagcaccctcgtcaggagcaatgactgatggaagtttgtctccctccatccctctctctcactgtctctgcttgtctctgcttgtctgtctgtctgtctgtctctctctctCtgtgtgtgtgtgtgtgtgtgtgtgtgtgtgtgtattccacttttttcctttggatgagatgactttgaaatgtgcatcctatcctggctcccaaagtcttggatggcacttctaatgggaagtggtctaggcccccacagtggtatttggcttgataaaccacattcattggctgcctttcctttcctttcctatttcttcactctcctcacagtgtcttcttcagtttccaaataaactatgtgccctcaagtcctcgtttaagggtctacttctgggacaacccaaacttaggcTAGTAGTTAAGGTCATGTTGTTGAAAAGATTCCAGTGTGTTGTATTCATAAAAAAAAATATTATCACATGGTTTCCCTAGAAGATAGGGAAGGGTATCAACTGTTGGTTTGGCACCAT
chr8,133035692,133036138,446,GATCTTTTGATTACTTAAGGTGTTGCCAACCTTGGGATATTTTCATGCCATGAAAGTCAGCAAACACTGAGCTCTTTAGAAGTTCTGCTTTCCTGTCTGAGGAGAGGGAGAAAAGGAAATATCCTCTCACTACCTGATGTATGGGGGTTGAGAACCACAGATGTGATAGGAACCACAGATGTGACAGGAACCAAAGAGTTTGTGTCCCCATAGAATATTAAGGGCAGTTCTGGtagaacattgccttttgccaggtacaccataaaagctcaataactattgggtgggtgagtggatACATGGATGGATGAATGGCATTTAAGTTTTTTTTAATCACCATAATATTAAACTGCCTATGTCAGAATGGGCACCTGCATCCCTGGAACTTCTAACCACTGAGATAAACCCTATTTTTAAAAAATGAAGTCTAGGACCCAGGACTGGGT
chr8,133036138,133036748,610,GATCAGTGATTTCTCGTGGTGGTGGCTGTGACACAGGGCCACTCTCTTAGGCTGCCAAGTGTATTTTTTAGGGCACACACCAGAAAAGCTGCCATCTCAGTCCTCGGCATTGGTGGGTTATTGGTGGCCCACGGGTAATCTCATAAGATTGATAAAATATGCTCTCttcttttttctttttttttttttttttAAGAAAAGGAGAAGTAGCTTTCAGTGATTAGGAAGTTGAGGTATTTTTTCCTCCATTGTCTCCATCTCACTTTTATAATCTACTCATGAGACAGTATCTAAACATGTCTTAAAAGCAAAACAATCAGAGCATGTTGATTGGAGTATTTATTGAGCTTCCACAGTGCACTAAAGGAGCATGGAGGTACCATGGTGTGCCTTCTCCAAGTGTACATTGGCTTGTGAGGTGACCACAGCTGATGAGGCATGGGCAGGGCTCACGGCCTCTGTTCCCTCCCCGCCTCTGAGTTAAAGGAAGGGAAGAAGGCTCCAAGGGACAGAGGAGGCTGAGAGATAAAGAGCTGAAGGTGGAGCAGGAGCCACGCTACTGAAGGTGTTAGCCATTTTCTCTGGGCATCTATCTTCCATGAAGAGGCCC
chr8,133036748,133037196,448,GATCCCCAAGGGACCCAGTGACTTCCGCAGAAACCTCTTGGCTCTGCCGAGGTCCTCCTGTGGAGGGTCCTCCTCGCTGTCCTCCTCAGAGCTGGAGCCCAGGGTGGGGGCTGCGGGCACAGGGTGCAGGCTGTCTTCACAGGCTGCTGGCTGCCCAGGGCACCCGAGTCTGCTTGGGGACTTGAGGCTTTGGTTAAAGGAGGCAGAGGTCATGCACTCAGCTGCCGTCTGGTCACAGGCACAGAGCAACTTCTCACACAGGCTTTGGCCCCCACCTTAGAAGGAAAGAGCAGAGTAGAAGCCATGAGACCTCTGAGGATGGCACTGGGAGGCCCCACGGccctggccacccctcagcccttctccttcctccccatcttccacacaccttcagggtatccaccttatatggctggtaattttccaactttctcctcctgctgggaat
chr8,133037196,133038038,842,gatccctctgccaggaatgctgtcaatgctctcaactggtgtctgtcaagactaggctggcttcccctcctccagaaagtttgcctgagctgccaggctaagggaagtgtctttcctgtgggctcccatggaatcccacttcgtgtttttttctatcactgcaggttatgtgttaatcacattgtatagtcattgtctgtttatgtatccattttttACTCCTGGtgttacagtaggtagataggcagatatgagcagggcaggatagggccccaaagaatatcaggcaactgtcaggtgactgtcaggcaattgtaaggcagctggcaacagagatgagaaaatttcctaacaaacaagagataccttgagcttgtgggcaacttcccaataaaaacttaaaatggcgagtttgactttcctctggggacatgtccaggcatgcacagtaaggggaaaattggcagcatttgacccatctattcccttcttctgagggtgctagaccagtaaggggaaattgccctaacagagtatgcacaaaacttcaaccagcaaagggtgcctgtgacccttcctagatactggcaagtcattgtgcatgcagtgattagctaacagcctgccccgggggagggatgaaaggaaaagattgagggaaaaagacaggaaatagtaaatctgtaagagccctgagccaaccatcaggcaggacactcaaatctttcaagttgcctgcttggccccttccaagtgtactttactttgcttcagtaaactcttttttctgccttagatgtacttctgtctcttggctgaattctttctcccaagaagagaag
chr8,133038038,133038256,218,gatcaaggactgcagagcctgtctggatttgctgccagtagcACTGCTGGACAGAGAACCCTGCTGACAGAGCAGAGTCCAAGCACCTAACTCAAACCTTGAAAAATATTTCCCAAGTTAGTGCTAAGGAAATATGTGTTAGATTTGATGGTTACTTCTTCCTTCTCTGGGCCAGAATTTCCCTATTCATCATTCATAttaccagataaaatatagat
chr8,133038256,133038386,130,gatcagttaaatttgaatttcagttaatacgtttgaatgtacttccatttaggacatacttatacaaaaaaaagttcattgattatctgaaattcaaatttaactgggcatcatgtatttttatttgcta
chr8,133038386,133039111,725,gatctggcaaaccAACCCTATTTTTTTCAATGTATGAGTTGCATGCAGTGGGAGTGGTGTGACTCAAATGAAATAATATCTTTGAAGGTTCTACACATACATAAGTTTCTACAAATATTATCCTTGTTATCTGTGGTTTTCAATGAAGCTAAGGGATTTTTTTGGCATCTAATCCTACTTTGAAATGTTCATCAACCAGATTTTTTCCTATCATATACCACAGAGGCCTTCCAAGCCTCCTAACTTGGTCTCCACGTCAGCCCCAGACATGCCAGTTGCATTTCAGCAGCAGGAAGTGACAAGAAGAGGAGGAAAATGTACCAAGTGTGAGAGCACAGTGGAGACATGCAGAGGTCCTGTTCCCCAGAGCCACTCTGTCCTTCCTCCCTGCATTTGTCTTATGATAGCACAGGCCAGGATTTGAGATGCCCTCATTTCTCATCAACTAATACCTGGCATCTGGTACAGGAGGCTATCCTTAAATCTCACAGAGGGTCAGAACTGGTTTACTGAAGCTGTGAATCAGTTCAATCTTCAGATGCAGTGTTCCTGGATTCTGTGATATTGGAGGAAGGGAGAGCAAGGCTTCAGCCCAGCAGGTGAGACCTCCTGGCATGATTGCatcatgtgacaactcatgggctctaaaccctcccctggctcctcatcccctataggaaaaaatggaaatgcttcagtcttgcaaatgggtttcttgggctcat
chr8,133039111,133039498,387,gatctggcacctgtctgtctcctcaacctcaccttgcactacaactgggcctcccacttccactttctgttccagcaatacagaaccacagctcagttgtccctacactgcccagcattccctaaacaccaccatttttcccttttccctttgcttggaatatccatgcccagtatggccatctgggaatgtggtaaatctcatctcacacctctcttgaatttttcccaaattatcctgttctcactgccatactgtagactcaagtgcctttacccacattcccagggcccctgtgctaactgttagtacatactacatgagattagaatagttagtcgcttgcctacatcacttccgtccaagctgtgagcaatttgaggcaag
chr8,133039498,133039638,140,gatcatgaaagttcattgttttcctggttcctggTGAAGGTTTGTTGGTTAAGTGGATAATAgaatgaacggatgaatgagtgaatgaatgaGAGAGTGATATGTAAACACAAAGCTCCTGGGATGTGACAGACATACCT
chr8,133039638,133040219,581,GATCGTACAAGGCAAGATAATATGGCAGTCCATGCACTGTGCTGAGGTTGTGTAGAGGAAGAAGAAGGGATGGAAGGTCCAGCCAGTGGGCTGCCCCAGACGAAAATGAAAATGAGAACAAACTCTTATAGGGCCTCTGTGAAATTCTAGGGCAAGTCTTTCCTTTTAAACTGCAAAGCATAAGGGAAATGCATCCACCGATATGAATGAGGAAATGGAGCTGGAGAATGCAGATAAAGTCAATTCTACAGCAAGTCTCCATTTGCTATCAGGGGCCTGCTCATGGGGATTGCAGTTTTCAGAGTGGTCCCTGCCTGAGGCCCTGAAGGGATACAGAGGAGCCTCTGGTTTCTACCATAGAGAGGAGTGGAGCTGCAGGCACGCCTTGCTCTTCAGCCAGGGCCAGTCCCCCATTTTAAAATAGTATTCCTCAAGTCTTCCTTGGGAAAAGGACTCTGTTTCTTAGAAAAAGAAAAAATTTACTTGGAAACTCACtggtgtggtgaagaatcagctttagttctgaaatgatatggttttacaattcaaatctcagttctcccacttatttctaactgtgt
chr8,133040219,133040526,307,gatcttgggcctcagttgccttacctgctaaatgggaagaataatagtgctacctcgggatactgttttgaggattaattctgttaacatacattaagagctgagaatcagtaagcttgggctatttacgttagtcccagcctgctcgtcaccggccctgtgacttaggcagctcacccccttgacagtgaatctcctcatcagtggaagaggtatgataatacgtgccTCAACATTAAGAAGAGTATTggtcgggcatggtagctcatgcctgtaatcatagcactttgggaggccgaggtgggca
chr8,133040526,133041331,805,gatcacaaggtcaggagatagagaccatcctggccaacatggtgaaaccccgtctctactaaaaatacaaaaattagctggacatggtggcacatgcctgtaatcccagctacttgggaggctgagggaggagaatcgctggaatcagggggttagaggttgcagtgagccaagattgtaccgctgtactccagcctggtggccgagtgaaacaccatcaagaaagaaaaagaaaaagaaagaaagaaaagaaagaaagaaagaaagaaagaaagaaagaaagaaaggaaggaaggaaggaaggaaggaaggaaggaaggagggaaggagggaaggaggaaggaaggaaggaaggaaagaaaggaaggaaggaagaaagaaagaaagagagacagaaagaaagaaagagaaagaaagaaagagagacagaaagaaagaaagaaagagaaagaaagaaaggaaggaagaaaggaagagagagatagagagaaagaaagaaagagaggaagaaagaagaaggaaagaaagaaagaaagaaagaaaaagaaagaaagaaagaaaaggaaagaaggaaagaggaaggaaggaagggaaggaaggaaaagaaagaaagaaaaggaaagaaggaaagaggaaggaaggaaggaagggaaggaaggaaggaaaagaaagaaagaagaaaagaGTATTAAGTCACAGTTAAGTGCTTGGGAAACCATCCACAAGTCTGAGCTACAGTCACGATGCTGACCTCAATGAAATAATAACTCAATGTGCAACCAACAGCACTTACACTTGGGCGTAT
chr8,133041331,133041964,633,GATCCACACACACCACCGGTGACCAAGGAAGCCTCTCAAGCAGGCAGCCCAGCCTTCTCACTTGCTCTAGGCAGCAGTGATGGGACAAGCAGCACCTAAGACCAAGGAAAACCCTTTACTTCTCAGAGCTCCTGGCTTCCCTAGGAACCCCCTCAAGCACAGCCTGCTTCTCCCACATACCCTATAGTAGTGAGGGAAGCCAGTGCCTCCTTTCCAGTGCACACAGGGCTGACTCATATACACACCAagggccgtcgtgtatggttattcgggttgtatactgcacaaaggccacgtctaaggcggcatcacttatattgtatgcatcttattatttaaaaacattatttttgatttttattgtaactgttcatggcaaagataggttatttacatatttatttaaacgattttctaacagatggaaatagagtcttaaggaaggggtacccttttaaatttatgcaaaggtaccatatgggctagcagtAAGCTTACTCCCTCCAATCTTTGACACAGAGGAGTTAATCTCACATCCACAGTGCACTGTCATTTGTCCCTAGCCTTAAAAAAGAGCAGAGTAACCATCCTGAGCATAAATAAAGAACTGCATCTAGAAAAGTGTCCAGCATA
chr8,133041964,133042456,492,GATCAGGACCTCGTAAATACATGAAAATGAGTCAATGTCTTCTTTGTATATCCACCCATCTTGGCTGATACGGCCTCACAATATCCAGTGTCCCCCCTTGCCAGGTGGACATCCTTAAGAAACTTATGATGACTTCAGCCAATAGGGAGCTACAGTTGCTACCCAAATACTCCCTTTTCAACTTTTCCCTTTCTTTTAATAACTCTCACTTTGTCTGGGAGGCCACAGCTCCAGCAGGGATAAGTCGTAGGCTCTTGTGGCTTTTTTATTGCACCTCTTCTCAACCAATTATCTGCTTATTAACTTTTCCGCATTGCTAGCAATCAGAGGAACAATCCACCTTGTATGCTCACATAGCCACTGGCTAGAGTTCAGCGTCTACCTCCTTCAGCTATTAGCACAAAAGAGACACACAATCTTGTGTGTGTATTTGGCAGGGATGGGTGGGGATGGATACTTGATATAATACTTAAAATCTAAAGTCAGTGAGTG
chr8,133042456,133043325,869,GATCAGAAATCATATATAAATCAAAATACTCATAAAATCACTGAAATTGTCCATCATGTACAGTATATGTGGTCTTGaaaataaattcttataaaaaaattatatCAGTTTGACTAACTTTTCCTTAGTGAAGAGTTTTCTCCTGTTGGCCTCAAGTTTTTCAATTTCTTTCTGCAGATATGAAGTAGCCATATCATAACTTACCTGCCCAACTGGTCAAATTTTATATTTTTGTGAAATATGGTCAGTTATCAGGAAACACCTTCAAAATCATCCCCACTTTTTCCCAAGGGGTTCAACAGAATACAGAAACTGCTACTGGCTGTTTCTATCTGTTGCCTTGTCTCATTGAGGGCTATGTACTCAAAAACCTTGACACTATTTAAATTGTCCTCTGTCATGGAGAGCAGCAGGCATGCGGTTGAACCTCAGAATGTAAACATGCTTATGACTGCACAGTGTGACATCACCTTTGCTAGAGTGAAAACTTCTTTAGGGTCCGCTGGTGGGAGGTAAGTTTTGAAGGCTGACTGTGCAACAGAGCCTGGATTTCCTTCACTGAAAATCTCAGAGGTGGATAATGAAGCCGGGATGGCTGACAGGTAGAGGCAGGGGAAAGAAAGTGGATGGGTAAAAAACACAGCCACCCACACATCAAACCTGCAGCTGACATACTCCATATTCCTGCCATTACTGTGTCCTTTGTGTTAGCTATGACAAGCTTTGTCTTTCTGTGTTTCTAAAATTCATCAATAGCTGCTGATTTTGCTTTGGCAACCATACCATCCGAGAAGGACATGTGCCTTTTGAATGCAGGTCTCTCCATTGGCCGTGGACAGGGGCTGTCCCCATGTGCAGTCTTTAAACTT
chr8,133043325,133043870,545,GATCAACGCTACTTTGAGAAAattcctcaaactcaggttgagtgctccatggtttcctctgtttaccctactgtatttattatattgggtagtacttttgtttaattgtccatctctttcatcaaataagcttccattgggcaaaaatagtttgttttatgttgctttgtgaaggttgaatcattgttatatctctaccacctggcatagtggctggcacagagcaaaagctcaagcggtatgggtttgatgcatatttaaacgaatgaatACATTAATAAGTGCATGAGGTCAACGAAAATTCTTTCAAGAGTGGTACACATGGAAATTACAGTTATATTTAAAAGGTGTTGAGAAAAGTTATACTTAAAAGGCTAATTTTAATGTGGCCTTCTGCAGGAAAAACCAAGTGGAGACCTCAATTCTACATGTTGGTTATTGCAAATTAGGTGGACTTGGGGTCATTTGAAGGGTATTTGCAGATTGGCCCTCTTGGGGTAGCTGGGCAGTATTTGTCAAAGTACTgaaagggctctaggccccca
chr8,133043884,133045245,1361,gatctttctggctctgccttttccaaggtgaacgacctcaaacaagtcagtccctgagcctcagctgctcaccaggaaagtgggcctatgatgctgtagagccacctgagtgagctgctgtgtgcaccaaGCATTTAGTGAGGCCCAAGTTTCAGCCTGGTGTCCAGGAGGGCTGTCACCACCCTCTGGTGCAGACAGCATCAGCACTACTACACCAGAGCTGTCACCGCTGGCTCTCCATACCTGTCTAGGTCATCCCTTGGCTCGCCTCTTCCTTCTTGTCCACAGTAACAGCCATAAGACTCAAATTCCTCCGGGCACCGGGATGTCAGACAAAAGAGCATCTCTCCAAGCTGTGGCATCACCTGCATGTTGTCCCCACTTCCCAGGTGCAGGAAGGTGAATCTGTCACAGGCTGAAAGGAACAGGAATTGTCAGGAGAGCAAGGACTGTCGGGGCAGCTGTCTCAACAGGAAGGCCATGTGAGCCTCCGGGTTGTATGTGGACAACTCTAGTCATGCAAAGGAACCCCATGTCTTACTCGTTGGCTCACCATTCTTCTGGGAAAGCTGTTATGGCTCATCCCCTGCTTGGGATGCATTGTCTTTCGGAGAGCAAGTCTTTTCTCCCTAGGCTTCTAATGCTCTATAAGACTCCTTATTAAATCCCCTTAAGGGATGGAGACTTGTCAGGACCCAAGATGCTGTTTGGGGCCACATCTTATTACTGAGTAGACCTGGCATCCTGGGAGCATCCCAGCTGAACTCTCATGGTTTCTGGTCGCATCAGGTTAGCACACCTGGCTGGGCTTGCctttctctcctctgcctctccgtctccccactcccctctctttctctgtctctatttctcttccttctatccttcctcctctGTCCACAAATCTCAAATGCAGCTTTCTCCATAGCTCTGCTTTGGACATCATGGAAGGCACACCCAGATACTAACAAAGCCCCTCCTCTGTATGCCCAACAGGCCGTGGCCTCCTTGCAGGTGCAGGGGCTTTTTTAAGGCATCAGAGGGAGGAGAGACAAAGGGGGAAGATGTTCAAAACCCAAGTGCTTCATGCTTTCCAATAAAGCACGGTGTGGACGAAGCCAAGCTCTTTCCCTCTGGGCCAGTAAAAGTGGTGGCAGCACAAGGTCAGGGGCTCAGAAGACAGTGGCTCCTCCCCCCAGGCTCAGCCTCCCAGTGGCTGAGTGGCTACAGGCAGCTTACATCTCCTCTGAGCCTCAAGGTGCTCATGCAGTCAGGGGGATGATGTCTTCTCATCACACCCCCATGAGAAGGTCACAGTGTGAAAAGGTGGCCTACGGTGATTGTTCACAGCCTCACCAAAA
chr8,133045407,133045980,573,GATCCTGAAAATGAAAAACTTCATGATTCGGATTCAAAAAGTGGCTCAAGGAGAGATTTGCAGATGGACATACGAAAGCCAAATGCAAACAGATAGAACAACATAGTGTTAGGAGAATGTTCCTCAAACTGGGTTTGCAGATGTCCAGGCAGAGTCTTAAGAATTCTACATGAGAATTTCCATATTTTCTATGATAACCTTAACACTGTCGGGAGCCTGTGCTAGACCACCTGGATGACATCCCAGGGATGAGGACTCTGAGGCTCCCAGGCTTGTGTTTGTGTCATGTTTAGTATCACATGCCTGCCCAGTGAAGGGGCATTATGGCGCTCACAGCAAGTGAAGAGGTAAAGAAACTGATGGAGAAATTAAGGCGACTCATGATACACAACAAGGTAGGCAAGCAAAACAACTCCTGGAAGCCCTTATTTCCTTTTTCAAGTGCAGTAACAGCTTCTCTTTATTTACAGAATCCAGTGCAAGTTCCTTCCTGTGGTCTGCAAGGATTGCCTGTGACCTGGTCCTACCTGCCTTGCCATCACATCTCTTACCGCCTGCCTGACACTCTCTCTG
chr8,133045980,133046701,721,GATCTCCCTTTGCTCTGATGTGTCAGTCTCACCTGCCCTCTTAGCTGGAGGCAGCAAAGTCTCCCATGCACAGGCCAAATCTCCAGCCTTCCCAGTACAGGGAAAGAGAACAGCAGCAGGCTCAGCCCCACCAATCTGCTGACCCAGGCTCAGTTCCTGGAGTATTGGGTAAGGTCTGGCATATTTGTGCCCGCTGGATTGCAGTCTTTCCCCAAATCCACCATATTGGTTTGCTTCGTGCATCTGGTCATCTACTTCCTCTTACTCAACTCCATTTCCTATGAGACTAAAGCCCTGTTGTAATCTCAGTCTCCTAGGTTTAACATCCTGCCCAGTTCTCCAATCCCACAAATAGAAGCAAGTTATCTAATTTCTTTCTATCATGTTCTCCACTGCTGGAAACTCACCTagtcagtgtaatagagtagaaagagttcatgagttagtgttaaagaaatctgagtttgagttttagcttagctatgtactagatacataaccctgggcaaatcacttcacctctctaaatcttaatttctccatttgtaaaattatattaataatacctCTTTTGGTGTTTGAATAATCCTTCTAGCTAAATGCCTAGCAATTAGGAAATAGTCAGTAGTAGCTATCAGAACTGCTCAGTGAATGAGAAAATAGCCATACATCTAATCCAGGATTAAGACTCTCCAGCTAGAACGTTCTACAAGCCAAAGGA
chr8,133046822,133047066,244,GATCAGGGTGTTTGGTGTTAATCACCCTCCCTGGACCAGCTGCCACATTTGGGGAATAAATGCTTCCGATTCTTGCCCCATCACCTCCCATGCTGACAAGGTCATGGTGCATTTCATTTGGAACCCAGTTGATATCATAAATGTGTCAAGGACAAAGGACATAAATGTGTCATGAACATAGGCAGGTGGAGCCCAGTAGGCTTACCTGGAGGGGACGTAGCCCTAGCAGCTCCCACTCCTTCCT
chr8,133047066,133048162,1096,GATCGTGGCCTGCTTCTGTTCCCCAAAGAAGAGAGACAGCATGAGCATCCACCCCAGCCTGTCCCACCTGGGTTTCCAGAGGCTCTTCCCACCCACTGCACACAGGCAGCCATGTGCTCTTCACTCTGCCCCTGGCCCACTTCCCACCATGAGATTTCCTAAGAGAGCTGGTGAGACCAGGGCTGCTGCTGAGCCAAAGGGAACCCCCCAGAAAAACGCTTGCTGGCAAATGCAGCCACAGCTTGTCAGGCTGGAAGCAAGTGAGTTAGTGCAAATACTTTGGGAATGACAGCTTCTTTAGAATTCGGAGAAAAACTAAAAGAAAAGTACATTTTGGAACAGAGGAGCATTGCAGCACAGAGACAGCAGAATTGCGTGGTTGAAGttgtttgctatgtgactccaggaaaaccactgagcctcagtttctctgtaaactgAATTTGTTGTTATTGTTATTTGacagttattaagctcctactacatgctaggtatggcagcaagggcttcttatattaacttaccacagccccttgagttggttctatgctcaccctcattcagagatgagaaaggagacacacagaaaagttaggtcccttttccaaggtcacagagctaggaggcggctgcaaacccaagaagcctggttgaagttggtatgcttaaccactaggcAGACTATTTCACTTCTGGCTGTGCCACACGAAAAAATGTTAGAGATGGTGACTACTAAGTTCTTTGGAAAGACAGAAACTACCTTAAGTTTAATGTATTCAAAAATCAAGACTATGCTAGTGTTCTATGAAAACCAGGCTTTGAAATTGACTGATATGGACACAAATGCTCCATGAAAGAGGGAGATTCTGGACCATTCTAAACTGGGGCAGATTGTTCTATTCAAAAGCAAAACCTATAGACTCAGAACGAAAGGACTATCAagctgaactaccctgggcaaatgactctacttctcagagcttcttgtttgtctgtaaaatgaggataggcctccaaggaccagggaagactaattcagaggatgtttgtaaggggcttgggaatgatatgctggcacataggaggccctcaacaa
chr8,133048256,133048633,377,GATCCATAGTTATTTACAAAAGCAGAGTAAATGGTTAGGTTAACTCTGCTGATGAAATTTTGGCCTAGATATTTTTAGGGAAGACAGTGTTCTCTATgagccactattttataaaggaaagaaatagtcttacagcctaaagtctgggcttggagaacagcccaagttacttgctgagtgacttgcaacttttattcttcctgagcctcagtttcctacatattctgtaaaatgggtataataatatttATTTCAGGTTCCATTAAGAAGTGGTCACAGGACTGAGCACAGATTTTTAGATATTTGAAATATTTCTCCACTGGATTCCAGGCTGTCCTTTTCCAAATTCCCCTCTGCTTACTTTTCTTGGAGAGAGT
chr8,133048777,133049034,257,GATCAGGGCATATGGCTGCACAATGGTGTTCACCAAGGTCTCAATTCAGTAGGAAAGGGGCCAGACTAGAGCCAGGCCTGTGTTTAGGCACAAAGACCGGCAAATGCCATCTTCAGGGGTGAAGGGCCATTATTTCCCTGAGGTTTGGAACAGGTCCCTGTGGGAAGGAAGCTTAAGAGAGAGTTTAGAAGGAAAAAGTCtctaatcgcagctttgccactcaggtctgtgtcttagacaattcatctctgaatctc
chr8,133049034,133049188,154,gatcacctgtcttaaaatggaggctgtagcaattattccataggcgtgtataagcattaaattagattatgtattttaagcaagctgcccagtatccagcCTATGATTTGATAGTGTGTGCTGTTTTTTATAGCCACACCTGGGAGAagatact
chr8,133049188,133049524,336,gatctagaatctccccatgcttgctctcatttaatccttatgccactctaaaggataggtgtaatcatcccctttcagggattagTGAATGATAGActagctctcagcctgtttcataaataaagttttattggaacacagtcacttgcattaatttaggggttgtctgtgctgcttttatgctacagtagcagagctgagcaactgtgacagagaccctgtggctcacaaagcctaaaatattaactgagatagtttggatatgtgtccccacccaaatctcatgttgaaatgtaatccccagtgttggagatggggcctggtgggaggtgattg
chr8,133049602,133049936,334,gatctggttgtttaaacgtgtatagtccctccccactcTCATTGTGTGTCTTTGGGTTCCACACTAGCCCCTTCTGGCTCACCTTCTCCTGAAAGGGCTGTCAGGCTGGTGTCTGTGGGCTCCACAGGAACCACTGGAAAAAGAGAGTTCCCAATAGCAGTGACTCATGCAACACAGTGTCAAAACCAAGCACAGGGTCTCAAAGGAAAACAGGCTGGTTGCTGGCCCAAGGGAGGAAAGGGGCTGAGAAAGGGCTTACTAAGAAGAGCTGTTCATCCTGTCTTAGGAGTCACTTGCCCCTGTTACTCCTCCCAGAGCACGGAGTGCCCTGCAA
chr8,133049982,133050373,391,GATCCTGGCTGAAGGCAACGAAAGAACTGAAAACCCCAAAGATATCCCAGCTTGAGGAGACCTCTGTTCCAAAGGGAGGCAGGGGGTGTTGAGGATAAAAACAGTGCTGGACTCAGAAGATACATAGAGATATGACATGCACATAAGcacacacccatacacatgcactcacgctcacgctcatgtacacacatgcacacccccacacatgcccatgcacacatccatacacactcatgcatgcacacatacacCTGCTTTCTCTTTAACAAACACCAAACACTGCATGACTAGTTCTGGGAGAGAGACTCCAGCTCCAGGAGAAGGATGCCCTGCCAAGGTGTACCTTGGACTTCTCATCCCCAGATGCCTAAAGGTGTTGGGACTGAGA
chr8,133050433,133051177,744,GATCTATATTTTAGATTAGGAATCATCACTTGCTTAGTTCAGTGAACAGTTATTAAGCACCTACCCTGTTCTGAAAATAAACATGCGAAAAGCAGCCTCCCCATCAAAAAGCCTCTGTTGGACCCAGGCTGCCCCTTTTGCTGCAGGCGCTGGAGAGTGCGTGGAGAAAGGGGAGGAAGGGAGAGGAGGAGGTAGTGGGTCTGCTCCTGGGAGGCTGTGGCAGCCAGGAGCTTACTTAGTTAGGAGAGACTTCACTCCACCTGAGCACTACGTCTTGTCCCAGTCACACTACATACCAGGGCTCTGACTACAGAGTGAGAAAGGGGAGAGAATGAACTTGGGTTCTACATCCACACTGGATTAAATTCACACTTGTCCACACAGCATGGGGCTGAGTTTGCACTGGGGCCATTTGATGTTGGGCATTTGAATTGGGTTTATCAGAAGTAACACATCTCCTAGCCAGAGAAGGCAGGACCACTTCCAGTGTCACAGTCACTCCAGCTCCAGTGAGGCAGGCCTGGTGGAGGAGGTGTATCCACCGGCTCCCATCAGCATCTGGGCCCTTGTGGTTCAAGAGCCACCAACCCTGGGAGGCCTTACCTCTGGGCAGAAGTGTTGTCAAGTCTTCCTTGATGGTTGTCTCTGAAAAGAAAACACTTTGGAAAGTCTGTTGAGAGCAGTGGGTTTGAGGGAGGGTTTGAAGATGCTGGACTTGGCATCTAGAGACATGAAGCAATAATT
chr8,133051402,133052462,1060,GatctcagctggaatcccaagaggtaatgcaagctccaagactgagttcctcatctcccctgccaaaaatcccactccccttgcaatctccatctcattcatgtcagctcttatctctttaggggtgtagacccaaacgaggtccatacccactcctcttctctcacacttgcacccagggcagcactattggctccactttcaacatggagtctgaccacatctccacacctccactgtaccacactgggctgaggccctcttgtctcgtgcctggtcatggtagtggcctcctaactatgcccccagcttctaccctgctgctcaatctactcttatccaggagtcagaacaatcctttagaaattcaggtccaaccatgcctttattctgttcagaacgtcccagcgtcttcccacctcaacctacaagtctcactgtcacctaggaaacgtcacatgattgctcccctgacccacgacccctattccttctcaggccacatcctcttccactccctcctcatcaacccatttgtgtctcactgctcccttatttctcaaccacaacaggcctctcaggcctcagggccagtccctgagctgttcctctgtctgctttgctcttctcccatatatctgcaaggatggcttcctgcccattctttaagtcatcctcaaccctcatcatctccaggaggcttttcttgaccttcccatttaaagagaaccccccctttccctccacaggcctttcccctgattcattttcctccacagctcttgtccctctctaacatactatacaatttgttttggatagcttcagtgtctgacaatggtgaggacattccagaaggtcaggctatccccagcacagaagattgtcttgcattggtgtaggtacacaatacatatacgttgggtggatgaatGAATCATGTTTTCTGGGTTCACTGTGCCTCCCACCTAGTGGTTCACACCCACCTCCTCCCCTCAATTCCTCCTTGATGCTCCATACTCCAGCCAGTCCATGTTATatagacttgagtgttaagtca
chr8,133052566,133053067,501,GATCAGAGTTTCTGTGTATAAGCCTACAGCACATAATAAACACACATAAAGTATGGCTGTAATATAGGAACCCCTACATGCTGTGTTCTGTCTTCCCTTCATGCCTTTGCGTATTCTACCTCTGCCAGGGTTgcctagagacatgaaataaaattcctggagtcacatagcaaataaggcgggaactgagatttgaacctatgtgtttctgattcttaCTGGCAACCACCACCGCACGCCTTATTCACGTATCACTACTTCCACCTCCACGTccatctctgagttcttaacatatgtcgctccctgtgctaaccatttcacaagcattgtgtaatttgattttcacaactaatctctgaagtaggtttctcctcccctttttgagggtcagaggagttaaataattctgcaatgctacacaatgtgtaagtagcaaaCAATTTGCCCTTCCCAAGGTCTCAGGGTTGTACAAGTATAAAATTGTAAATCAGATAACTTGCT
chr8,133053297,133053470,173,GATCTTCTTGCTGACACAATTGACCTCTGTGCTAAGTTTGGCGGGGTCTTGGAGACAGTCCATCTCAGCGGCCTCCTCATAGCACCTGCGGTGCTGGAAGCAGCAGCTGTAGGAAGGCCGGGAGGAGGCAGGGTGAGAGTGTGGGTTAGAGTGAGGGAGGGCAGGCAGCTCAT
chr8,133053592,133053884,292,GATCACAGATGACATTGCCATGTAAAGATGAgtcacccaactagtaggtagtggaattaaaccctctcctgagtcccaagtccaggggcttttcTGTATTTGTGCTCTTGCCAAGGTATCAGCCAGGCCTCCCATGAGCTCACTTTTTTTGGTCTTGCTCACCTGTGGAACTCACTTACCTGTCAGATTCATCCACAGGCAACCCTTCCATCTCAAACCTGCAGGTGCAACCATAGTCTTCAAAGTCTCGGGGGCAGAGACCAGCCACACACTTCATACCATTGACAAACTG
chr8,133053884,133054373,489,GATCAGCACAGGGAAATTGGTGAAGACAGCCTGCAGCCAGGTGAAGTGGGGGCCCAGGCAATCTGTGGGGGTGGGGGGCAGGGCCTGATAAGCACTGGGAACTAGGACTAGGAGGGCGTCCCTGTCCCCTGGACTTCCTATACCTCAGGCTGATGGTGCCTTATCAACCTAGTAAGCACCTACTCTGTAATAAAACTGTTTTAGACTAAGCCATCATCCctgctggttttctacctaacaaccatttaaaccttcttccttactgacaaaactagaaagttcttaaggaaggtgagccttctacctaagttccttagggtatttcataatcactctcagctggtcatggtaatcccatgttaccaactgattggtctatggctgtgcatgtgacccagatttggccaaaaaaccttaagggaaagtctttaagtgtcttctgagaaatatttcttttcttttctagcaacgaataaaggcaagtaggaa
chr8,133054382,133055344,962,gatctacaccttttttctaccttgaatgtggatgaggatgtgctagctggagctgcagcaaccacattataatcaggaggccccaagtctaaagttgaaaaaacaatatgttcagggtagcagtggagcaagatagacagaggctgctgggtctttgatacctgtgttgagctacCACACGCATATTGGTGCCTTCACACCACTTGAGATAATGAAATGTCTTTATTCTTGTTGTTATTTTTTTAAAAAAAtcaacttctattatagattaaagggtacacaggcaggtttgtcacatgggtaaattgatactgaggctcggggtcccaacaatcccctcacccaggcagcaagcgcagtacccaaccggggttttttcagcctatgaccgcctccctccctccctgactagtggtcccagcgtttattgttcccgtctttatgttcacgtgtatttaatgcttagctcccatttataagtgaaaataggtggtatttgtatttctgttcttgcattaagtcacttaggataatggcctcaaactccctccatgCTaaatgcaaatccaaaccacaacgagacaccatctcacaccagtcaaaatggtgattattaaaaaatcaaaaaacaacagatggcgaggctgcaaagaaaagggattgcttagacactggctggtgggaatgcaaactagttcagctactgtgaaaagcaatttggagatttctcaaataacctaaaatagaactgctatttgacccaggaattccgctactggaattttcccaaaggaaaataattcattctgtcaaaaagacacatgcatctgtatgttcattgcagcaccattcacaatagcaaagacatggaatcaacctaggttctcatcaacagcggattggataaagaaaatgtggtacaaataTCTTTATTATTTGAGTCACTATTAGTTCACTGAATG
chr8,133055344,133055775,431,GATCCCAAATGATACGGTGATGACAGTATAAAACTATAAGCCAGTATGGGAAGAAATGTGGTACAGATATTCACAACTTTTGAGCATCCTTTAGGTGTCAGAAGCTGCACTAGGTGCTTTCACTGGCACAGTAATTCAGCCTGGCGGAGTGTGTAATGCATTGGAAAGCATTTGTTTTGTCTGTTGTCCCATAGGCCTCCTGTTAACCCTGTAAGGCAGATGTTTTCTGTCACTGCCAATTCATAGTAAGTAAACTTGCTTTACATTTCACAGTAGTAAACCGAAGGCCAAACACATGCCTAAGGCATCAACCAGGGATAATGATTTGCCCTAAAGTATACAGCAAACAAAATTGGCAAGAAAACCATATCAACAGTTTCCAACTCTAAATCTCGCATTCTCCTCCCCATTCTCTACCTTTCTGACTAGAG
chr8,133055775,133056240,465,GATCCTTGAGTGCTGCATGGGTTACCCCTCACTACTGATTTAACATGCACAGGGTCACAAGACGGAGCTTAAGGGCATCAGGAGTAGTTTGTGAGGACCAGTTCCACCTCATACTATTCACCTCATTCAAACTTCCTTTCCCATGTTTTGTACCCACAAGACCTAATCAGAAAAATAAAGACAGAATTCTATGCTGATTGAAAAAGCAACACTAAGCTTTATGCATGTGTGTATTTATGTAAATATGCATTTTCATTCAGAAACTTACAAGGCACCTGCACTTAGTTATACAAACAGTTTAAGCACAGCCTTATGCCCAGCATGGCCCGACCCAAAAGTAATTCTGAGTGTCTTTGTTCATGTCAATCATATTATAGTCTCTTTTTTTGGTACTTCTAGTAGTTGATGATAGGAACCATCATAGTGTCCTGATAGTCACATAATAGATTTTCAGTTGATAAATGG
chr8,133056240,133057222,982,GATCTTTGACACACTTTGACGTTCTTAAACTTTATATTTACTAGTGAGGGAAGAAAAATAAAACTActttgatgtacaggactaagctctagattccaaggagagctcctcccttctagctgggtggtcttgggcaagtcactcaactcccttcggttgagtttccttttctataaaatggggataccattcccttcctggagagttgtgagtcaggactaatgaagtaaggaataggaaggcacatggtagctcagtggctCACCCTGCAATAAAAGACACCACTACTCTCGTCGGAACTTGGGTCTCCTTGTTGGGAGGTAGCTGTGGAGGCCATGGGAGCTCCGAGGGTTGAGACCAAGGCCCTTGCAATTTCCTTAGATTTGTCCACACATGCTCTGACCTCTGGTGGATAAAAGCAATTTTAGACTTAACTTACCAAAAATTTCAGCCACACTTTCCACATTTTTAAACATCCCACTGAAGAAAGTGATATCTAAGTGTAAGAAAGAAAACAAATGAGAGTCTTGGTTTTTCCTTTTTTTCACTTCCCTGTCCACCCTCtaggtaaagtgtacataaaacctttcttcattctccaaagaaaaaattgaccttgggctaagctagctttctactaacacaggttaccatggaaacctgatagagatgaaatgtgaattccattactgggtagcattgcacaatggtacaaatgacccctgggtggtaaggtatatctggactgacaggaattatgggtgaactataaatacctggtaggaaatcatcatcttgggtctcattcagtgtgatgactcttataaacggtcatcctactgggtgtcctagaaattatacccacgaggtcattactagagatactgattcctatggagaatgaagcttctaagccggggctggtcatacagctgctccacataagtcccattctcttgtacctgagttgtttgttatctgg
chr8,133057222,133057670,448,gatccccagaactgctgtgtagattgccgtgagggctactcttgctgaagaggagtggctgccatggcctgctggcatgctgtgttccttagctttgattcttctaaatgccaagtgtggcctgtgagtcttaatgtctaattaaagaaggcctcctggtgggcattgcaCTTCCTCTAGAAGTTATGCCATTTGGAGGGAGGCCACTTTTCATTTGCATCTGAATGGGACTGATTACTTTGCAAGTATGGACTCACGCATGAATAATTTGGTTGACCCAACTCACTCCTCTGAAAGGTTGGAAATGAATGCTTGATTCAGGGCTGACATCACCAGCGAATTCACTATGCATTATGGTCTTCAGCCATGCCCACCTTCAGGgacccacctgagaagtgtttataaactatcgctgagaaaattttcgcttccccgggaaacaaatatg
chr8,133057670,133057993,323,gatcctccttttttacaaccagagcaagcaatatatcatttatccctcttggtcttgccttcttggaagctcagagctcattctgaagctAAGATACAATTAATATATAACCTTCACGTCAGCCCATTTCCTGCCTTCTCCTGGTTTCCCTTTTCAGCTGACCTTTGTCTTTGACAGAAATTTTTAGACTTTGTCTCAGTTGTGAGAAAAAGGTTGGGCCAGACACCAGGGGAGATTGTTGGGGAGATGCTTTTGAGTCCCACTTCAATCCCTTTACTTACAAATGCCACAGCAGTGAGTGGCTCTAGGGTGTATTCAGAAGG
chr8,133057993,133058968,975,GATCATTTTCTCTGCCAATATCCTAGACAACTTTCTACTCTGCTCCTAAGAAAAGTTCTAAGAATCCTTACTGATATTGTTTGGGAGTCCTGGAGGCAGCTCCTGTGGAAGATGTGGAGTGTCCAGAGGATGGCCTCCTATAAATAAGGAAGAGAAAGTAGGGTAAGCACAAACACTGATACAATTCACTTGCTGGACTAAGGCCAGAAGGCGACAGCCAGACAAACAATGGGAATTCACATAAATTCAATTCCATGCATATTTCCTAGAGCCTGCTATGCACTAGATTTAGGAGGTAGTTCCTGAAGGAAATAAGGGGATGGCTGAGGTAACCCTGATGTCTtatactggtaagccttaacagtggcattctggttggggatggagaggttgggagacttatcttgaagccgtctttgtgtatgaagcatcctgttttatttagattgcaggtttgttttggACTTTCTTGACATAAAGCATTGGTGGAAAGAGGTAAATACCCCAACCCCCAAGGAGTTTATATAATAATAGAGAATaagggttttccccagattatcagcatcagaatcacctgggatgcagactccgtaaacattctgatttctgtgctctcactcaagtttgattcagccagtctggactgggactcagaaagaagcaattttagcaagctccccaactagttttgaagctgatggtctcgaaacctcgccttgagaaATGTTACTTAATGGTGTAATAACAATAGTGTCCTAGTACTACCAGTACCCAAATACAACCACCACCTTCAGCCAAGACTTCATCATGCTGGGGGTGTGAAGATGCAGCCTGGGCTAATGGGACAAATATATGGGAGTTGGAATCCCAGGTTCAACACAGATTTGCTCTCTAAAAGTTCAGAGAGCTTATAGACTTGTTCCTGCTCATATTTTTCTTTCCCCAGCAATATAAAGCTTGTAAGTAGTTGGAAAT
chr8,133058968,133059271,303,GATCAAAAGGGTTTTGTCTTTCTTCGTCAAGTGGAGAGTTATGGAGTCAGCACTGTCCATCTGACACTGTGTAGAAGCCCCATCAATCTGAAAGTCACAAAGGGCCATCCTTCACAGAAGCATGTTAGACTAAATCTGTTCAGGAAGATGCCCCCAGGTGGTGTCTGAGTTGGCCTTGCTTGGCTTAGAGCAggtttctcagcttcacattattgacattttgggttgtgaaattttctgttgctagggattgtcctgtgcatagatatttagcaAGATTGTTCTGTGTTGTATATTTAGCAA
chr8,133059271,133059811,540,GATCCCTGGCCACAGATACCAGCAGGAAACACTTCCATACACACTTTCTTCTGATAAAACTCATTCCCTTGGAGTTTCCACAACGCATAACTGAGAGAGTCACTGAGGCTCGCCAAGTCCTTCCTAGTGGAGACAAAACCACCACTGGTGAGAGGAATAACAACAGTGGGTGCTTGTCCTTGCTACCAGTACCAGGACTGGCACTACCAATATACCATCCCACAAGGTTCCTCAAACTTCAGTCACTAGCATATTGCCTCTACTATTACTTATTAATGCGTATTTTTAAGTCAGCTCACTTTTTTTTTTATTAAAGGAGAATTTGATTTACTTTTCAATTATAAAAAAGTTTGTTTCATCTGGGAGTTACAGTGAGTCTAAATTTGTATGCACATAATAACATTTCTTAATGCAACATTTTAAGCCAACTCACTTTTTTGTTGTTTTATTACAGGGTAGTTTTATTTACTGTCCaattgtaaaaagtttgtttcatctgggagttccagcgactctaagtttgtatgcacataatagcat
chr8,133059811,133060360,549,gatccaaaatatataaagctaaatttgacataattgaaaagactattttaaatctgtcagtgggagattttaaAAAAATAAGCCACATTGCTTCTAAAAAGGTAAGTATTTTTACTTTTAAAGGAAACTTTTATTTGTAAATGGGAAACTATGGTAAAGTGCTGACTAGAAAGAAAAAAATAAGTTATAAAAATTGTAAAACAGTAAACATTTAAAAATTAGAATTATAAAATGGTCATCTATGAATTACCCACTATCATCAATGTACCCtgctatggtttgaatgtatgtgttcctccaaaatttatatcttcgtacttaaacctcaaggtgatggtattagaaatcagggcctttgggaggtgattaggtcttgaggctttgcattcatacatgagattagcatccttctaaaaaggctggagggaaatagctaggtccatttgcccttccgcacttctttcatttgaggacatagcactcatcccttctgccatgtgaagataaaacgagaaggccctcaccagacactgaatcatctggtgcctc
chr8,133060360,133060621,261,gatctgagactttcctgactccaaaactgttagaagtgaaattctgttctttataaattacccagtctgtgggattttgttataacagcatggacagactaagCTAAATTTGACAGAATTGAAAAGAAAAACTTTCAAATATGTCAGTGGGAAAAATTGTTTTAAATAAGCCACCTCGCTTTAAAAAGGGTAAATATATTTTTCTTTTAAAGCAAGCTTTTATTCATAAATGGAAAGCCATTGTAAAGGCCCAGGACCCAG
chr8,133060621,133061051,430,GATCCACAGAAGGAACTGAGAGCAATTTGGGATGGTTGGAGTATGGAGACTAAGGCAGTCATGGTCCCAGCTGCACTAACCCACCGTGGTCCCCCAAATATGCCGCACATTTTCACAGTATTAAGTCCTGCTTTTGCCTCTTTCCCATTTTTCCTGACTGAAAAACCCTTGTCCTCTAATGACTCTATGCAACTTTTACCAAAACCCCCTACACCCTTAGCCACACTCTGCACCTTAGCTGTTTTTCTATCAGCGTCAATAACTATCATCAAGGGAATGGACAGAATGACTGGGGTCCTCGTCCTTTTATCTGGAAAGTCTTAAGGTGACTCTTTTGTCCCCACTcccccctgttttacaggtaaaatatcagaggtttagagaggtggcacctgccacggccacagagcACAGCAGGAAAGGGAATAAG
chr8,133061051,133061546,495,GATCAGTGTTTGGCCAACTTCGTCACAAGGGATGGCTGAGGCACAGTCTACAAGAGGGCAGCTGCAACCCCCTATGACCCATCTCACCAAAGGGCCTGCCTGCAGGGGGCCTGAGGCTGAGGCACCCACAGGGTGTGTGGGTTGGGAGCCTGCTCTTCCACCTGCTAAAGGTGTCTGTGTCCCCAGAGGTAATTCCATGATGAATTTGCTCCCCAAGATAATTCCATGGTGAAACAATGAGGTTGACGATGAAGGTAATGTCCAACAATGCAACCCATTTGTTAATGAAGAGGGGAAAGGGAACAGTGAACATAAGAAGCTGTTAATGATAATAGTAACAAATAACTGGCTTAACCTTTAAACACGTGTAGCATACCTTCTGATGTTATTTCCTTCTACCTTTACAACACTTTTTTGTGTCAATGTTATCAAGTCTTGCAGACCTATGTTTGTCTCCTACCACTCCAGTACTCCAAACCTTCTGTGATTCTCTAA
chr8,133061648,133061784,136,GATCTCACGCAATTCAAAACTTGCGTCCTTTATGTTTTCACAGTGGATAAGTGCAGAGTAAAGGGCTCCAGGTCAGGGTGTATGAATGCATAACAGTTATTGTTTAGAAGGATATTAGGGAACAGGAAGGAGTGTT
chr8,133061784,133062381,597,GATCTTATAGCCATGATATCTCCCACCCTTTCATTCTCTGAAGATGTAAAAGTGTGTCTGCTTTAAAGCAGCTTTTTGTTCTCTCAGAACATGGATAGTATTTTGTAAAATGCTCGCAATTAATAGCCTGACATACCTGAGGACTGACAGCCCTTTCCATATAATTTTTAGCTATATAACCTTCTTCACACCTTCCATTCCCAAGTTATTGGTTTGAGGTTGCATTTCTCAGCTTGAGCTCAAGCCAAACCACTTAATGAACAATTACCTGTTGCCATGGCCACGTGACATGGCTGTAATGTATCACAGATGATAACGTCTTCAGCTGCCATCTTTGGACTGCTAAGACGTGTGCCAATTCCATTATTTTGAACTATTTGTATAAATGGATGTGTCATTAGCATTTTCTGTTGCACCATCTCACCTCTACGTGATTCAAATTCACATAAAATATGACTGCATTATAAgggtttttttgtccaacaggcctgacttaaaaccttacctctaccattgtgtcaccctaacaagtcacttaactctcaaagcctcatttttctgttggatagaatggaagtaataagccttacctcactg
chr8,133062381,133062590,209,gatcattACAGAAGCTTTCTAGGTAAAGGGGTCAACAGGAGCAAAAGCTGAAGGGTCTGGAAGCAGTTGGCTGTGGGGAGGGCAGACTGGCAGGAAAGAAGACTGCAAAGGGAGGAGGATATCAATGATGTGGACCCTGAAGGCCTCAGAGGGGTAAGTTGTGGAAGGTTCTAAGTAGGCACAGTGACGGTGGAGTCATAGGAAGGCAC
chr8,133062701,133062879,178,GATCCCAGGGATGTTCATGAAACTCACTGAAACCACCTCTGCCTTAAGGATTCTGAGAGGCtgcaggggatggaaatagacactgaacatatcaggagaccaggttagaggcttcactttcctacatgccggctgtgagacttcgggcacgtgttctttcctcgttgagcctcacttt
chr8,133062879,133063023,144,gatcctctgtaaaatgagacaattgtatctgcctggcaagatgcttccaaacacaaaatgactcaatgtatacaaTATAACTGCATAggccgggcgcggtgcccacaactgtaatcccagcactttgggaggccgaggcaggca
chr8,133063023,133063191,168,gatcacctgaggttgggagttcaagaccagcctgaccaacatggaaaaaccccatctctactaaaaatacgaaataaactgggagtggtggcatgtaatcccagctactcaggaggctgaggcaggagaattgcttgagcccaggaggcagaggtcgcagtgagctga
chr8,133063364,133065064,1700,gatcctattcagcccccactctagagatgagaaaactgTTGGATAGAACTTGAAGGCAGAGTAGGAACTGCTATCTGGGATTCCTGAACCCCAGCCAAGTACTCTCACTGTTATCCCTCTTCTGGCTATGCTGTTCACTGCAGCCCTCACACTTGTCCCTACATCCAACTTTATTTTCTCTGTTCTCCTTTTTTGAAGCATCCTTCACTCACCTATCTAACTCCTATCCAATTCCTGCCTTCTCTTTAGCCAAGCTCAAGGACACCTTCTACAATTATTCCTAGGCTAATGAGACCTTCCTTTTTTGAAGCTTTGGCATTTATGTgtatcatggcacagaagaaaaagcatgggctttagagcacaacaaatgtgaatccacattccagctcagtaacttcttggttttgttaccaggagcaaagttctatatctctctgactccagtcttctcatctgtagaatggggctatttgtgagtttatatcacaggacattgtgagattacatgaaatCTTACCAAGAGATAACATGAAATGACACATGGACTCCTGGCGGTAACATGTGGGAAATGGGGTCCAACTTAAGACCGAGGACTGTagacccaaatctttgcagggatgggcagataatgtaaacaagtagcagtccaatgctgggaagcaatagggaatggtggggactgtggagaaccagagagacccaagttacagcaagacaggcagttgtgactcagcaccagggcttgagaaaggagtctcaccatttttatttttcaaaaattttttttgaaatgttaattttttgataaaatcttccaattttaaactcttggctcaaatttaaaataaaatgttttgtggcctaaacAAAACAGGCTGATTGTGGTTTGAAGGTGAAAGGAGGGTGCTTTGCTTTGGGTGTTTGTGAGGCTGCGTGGGACGGCTGGTGCTCCATCTAGGGGCAGGGATGGGAGCTGACCACGCATTTCTCAGGTTCCAGTGCCAGCCATGTATTCCCTTTGCCAGGTTTGCGGAATGGTTCCCATGAACAGGGAATTCCCTCCTGCCTGAGAACTACAGGCTTTGAGGGGACTGTGACCTGTAAAATGTAGACTTTCAGGCAGGGAGGTAGACTTGTGACTTCAGTTCCATTTGAGCCTTTGTCACAAAGCTCATGTACTTGCTCTGGCACATTTTTCACTGGGCATAATTGCCTTGGAAATTAATCAGCGTAATAACCAGCAGCTAAGAATATCTGCGGCCCACTTCAGCAGCAATAGTAAAATTTGCCTGTTCCTTGGCAATTACTATTACTGCACTCTATTCCTTTGTGCAACTGATAATTAAGTTCCTCTTCTGGAGGGTGGGAGATAATCTTATTACCTATAGATGTTAATAAGGTGTGCTTTCTCACCCACACTCACACTTACTTTCAGGATATAGACTCCCACACGTTATTATTAGCAATTAAAATAGTCACCCAGGATGTGAAACTCTTTATCCCCGAGGACTAAGTTAGTTCACTCACAAAGTCCAACAGTGCAGCTTAGGGAGATGCATGGTCAGAGGGAATGTAAGGACAAAACTCACCAGAATGACATTGATTCTGATTCAGTAAGCTTGTTACACACAGAAGGTGAtgagcacctgtcctgttccaggagcaggacactgcactttgcaggcatcaccttgtct
chr8,133065182,133065397,215,gatctggcccctgctgcctctgctgaatcatctcctaccttgaacttcatgctccggagatactgaaaagcttagattttctggacagcaaactacttcttgccatcctgcctttgcttgtactgcaccctggggcctgggatgccttccccttgtctgttaccctcgcattactgactctcactgacattttatggttccattcaaagttcaag
chr8,133065505,133065837,332,gatctgtttatgtaaccatttcccccactaaactagggacttcaaggtaagcactgtgatgtatgtaatatattgatatatgtatatacttacattatacatatataACAGAAACCACAAGTTCAATTGATAACTGTTTAATGAAGGACAGAACATCCAATAGTTGAACCACACCATCAAATGGCCAGTGAGTGGTGGCCTGCTAGAATCAGAGAATCTTAGTCTCACAAACTTGAAGCAAACTTAGAATATAACATCTTTAGATAGTGGAATGATAATGTCTATTGGTGCTTTAGAATGGGATTTCATGGTATTATGTATTCTACCGAAAA
chr8,133065890,133066031,141,GATCTGGAAGGAAACAAACATGCAGAGGACAAGGGGGAAATGGGAGCCAACACATGGTGGTGTGATGTGGGGGCTGCAGCATGAGCTTCAGTGCAGAGCTCCCAGACAAAGAGAGCATGTGCTTAGGTGGGAGGGCCAAGG
chr8,133066031,133066658,627,GATCTCCCTCTCCTAATGCAAATGTGGCCACCATCCCACTGGCTGACGCCTGCCCTTGGAAGTCACAAGGCAGCTCCGAGTGAGAGTAGAGGAAGCACAGCAGTCACCCTGGCTGTGTTGAGGGAGCCAACATGGAAGCTGCTCCCCGTCCTGCTGGAGGGATAGAGACCCCTGGAGAGACCTCACCATGCACAGAGACCCTCCTCATGGTCAACACTCACAAAGCATTGTCTTGTATCTGACTCAGATTGCTACtggggcagccatgagaagggaccttgcggagctccaactacaggaagcataactgaccaagggcctacggctgtgcttggaagtccaaggcagggtttgcacagaggcctcgtccccttcatgcctgctcctagccaatgtcccagggcatgtaggtataccacagtgggcaaggctcctggggcacacaggactcctccggctcctcttggatgaccttgccagcttacatccaactgaagtctagggcacattcacctcccctctgcccatctccttcacatgcagaactttctgaaggtctctacctttcacagttgccactccatgtttttcctcacaggtgtttcctctactgcaatctgcacactt
chr8,133066658,133067237,579,gatctagtttgggcttctgtttctcagaagacccagattcagacaCCACTCCCACATCTTTGAGTCAGAAGCCTCAATAACACCTTCCCTGCTACAGTGTCTGGCCCCAGAATTGGCGAATATGTTGGGCAAGCAGTCTTATCTCAGTGGTGGTCACACACTTACCCTTGAAAAAATTGGGGCTGCAGGTCAAGCATGTTCAATTCACATGTAAATGGATACGATTGCACGTAAACTTTCTATGACTGTAATTTTTTGAAAGGTAGGTGTTAACATTGGAGAATAAAATCTCTTGGGATGTACCAAAAATGTTTGTAAACACTTATAATCGTAGAGCATATAATTGTCATTTTTGTCACCACAAGGTAGTTGCAAACTAATAAAAGAGGGAAGAAATAAAGCAAGAAGACAGAGAGGAATATGTTTAACCATCTCAATTTTATAGAAAGATAAGGACATTTAAAAGACACGTGGGAAAGATGGTGGGGGTGGGCCTGTTGAAGGGACAGTATTCAAATGAAGTAATTACATGCTAAGCTGGAACTATGGTGTAAGATATCATTACTCACCGGCATGGGG
chr8,133067237,133067648,411,GATCATCAGCACACTGGTGAGGAGAAACGCAATCATAGCAGGAGAACAAAGGATGGGGCTTAGGCAGCAACTGGAACGGACTCCTGGGAGAGAAGCCAGCAGAATAGGATGGAAGCATTTTCAGAATTCCCATGAAAGAACCCATGGGACCCCCATGTCCTTTCTTGGTCCCACAAGGCATGTGGTAAAAGGagaaagccctgaaagggtgtaggtcccagttttgccactaactgacaatgtgcctctaagaagattatgttccctccttgagactcagtttacccatctgtaaaatggaaatGTAGCCATGAGCTCCCTGAAGACACAGCCGTGGGCTTCTGTATTTACTGATTGATTCCATGGTCATTTCTTCCAGGCCTGCCTCGTGTCAGGCATCAAAGGATTGAG
chr8,133067648,133067836,188,GATCCAGGAGTGCAAAGTGAGGAGAAAACACTCCTTACCTGAGTTGCTCATAGACTAATGCGGAAGGGAGGCAAGGTAACAAGTGCTGTAGTttgacttttgttaattgaattttaaatagcccgtactttatgatatacccagcattcccaatgcacctttggcatgtaggttttgaacctttcaac
chr8,133067836,133068077,241,gatcacttgacatagaaataaatccgacaaccacatggtggcgctgcatgctagcaaacaaagcttttccggcagcatctccctcttCCTTCCCTTCCTCGGCTTTTGAGTATTTCGAATACTTTGTTGAGGTCCTGAGAGTTCAATAGATACTCCTCGGAGGATGCTTTGGGGGCAAAGGGGAGAAGCGGGCAGAGTCCAGCAACCCTACTGCTTTTCAATTGTAGCTGCCGTCTGCTGA
chr8,133068077,133068309,232,GATCAGCAAATATTTAACTTCAATAAGCCCTTAACGGACTCTAGCCAATCCATTATATGTTTAACAGGGGGACGGGGTGGGAGGCGCAGGGAAAAGACCAGagggattttaaaataatatttgcccccttagaatataactccataaataatgtaaatacggttggttgtcttgtgcatattctgcttttagaacatgtttttgggacaaagtatgaatgaTAACACATCTT
chr8,133068309,133069170,861,GATCCATACCACCCTAGTGGCACACAcagggctgctgggtagggctgtacatgttgtgcactgcacaaaagcgcttggtcaggagggtcaactagatgctgaaaaagccagagcttgactctgaagcttgtcctctgcagtgttgcatcaacccgaaggaaggagcactttGTAAAATTTGTTCTCCCAGAGACCAAGACTGCCCCGTATTCTGGTGGTCTTGCATATGTACCCAGGGCCGTGACGGGTCATTCTGCCTGTGAGCAAGGCTTGGTATTAGGGAAAGTGTCCCAGAGGAGAAGACATTGTAGGTTGTACAAtcactactctatggacctatcccagggtctagcacaagctctggtggctgcaaaataaatgtttgttgaatgaatTTTTTTAAAAAGGGTAGAGTGTGAGTTCTTTGAGATTCTTACTCAGCTCAAGAATTCTCTAGTAATCTGGTTACTGTCTCATTGGTGCAACGCTCTGCTTAGAGCCTTTTTTAGCCACACAAATTCCTAAAGCTGGTTAACTTTCAAGGTGAGACAGTCTCCCTCACTGTTTGGTGGAAATTCAGTTCTGAATGATTCCTTCTCAGGCCATGAAACAAGGCTGAAAATTAAGGGGGAGACAAGAGAGGTCTCCAAATGGAAAGTGGTATGCCCTGGAAAGTCTTGTGGTTAGCAGAAGGCACTTCAGAGGAGCCCAGAGACCTCATTGAAATGATACCCACATGAATGGGTCCAACATGAACTTGGACAATGTAGTCACTTTCTGCCACTCAGTATGTCAGGTATTTTATTGTGACCATCACACCATGACAGGTTGCCagcatgtctgaacttggagtggcattgg
chr8,133069204,133069524,320,gatcattgaggtttagagcctggcaaatcatggcaagaatgtccagcttcccaggtctcctgactccaagtccAGTGTCATCataataacagtacctatctgtgaggctgttgtgaagactgaaatgagttaatctttgtgaggcacatacaacagcgcctgacatagagaagttgctcaaAAGCATTAAGAATTACAATGATGGCATCTGGCTCGAGGTCAAAGGCTCAATAAGTAGTAGCTGCTACAATGAAGGCCTTTGTGCTGTTCCCTAATCCCCTGTAAGAGTGGAAGGCCCTGTCTGGTGAATGAAGAAGAAT
chr8,133069542,133071059,1517,GATCTCTGTTTTTCTTTTGTGACACATGTTTCAGGGGTGCATTCCCCTGGGGAGTTCTGCAGCTCAGATAAGACGGCCTGAAGGTCATGTTCCATTACCTCCTTGAAACATGTTGCTTGAATGCAAATGAGCCAAAATGACTTTATTAGAGACATAATTTTGACTATGCTCTAATTTATTTTTGCAATAAGTTATAAGGAGGTATGATTGGGTGTTCTTCGAtaatggggagagtttcagtaggggaagatgaaaaagtcctggaggtggacagtggcgtgattgcatatcaatgtgaatgcacttaatgctcctcagctgtacacttaaaagtggctgacatggtcaatattatgtatattttaccacaactttttaaaaaGTAAGTAATAATCTTCATGACCTTATTCCTTTAAACACAACATTTCATGGATTAGGTCATTCTTTGTGTCAGGTGTTCCACTGAGCATGCCCCACTTGCTGTCTGGTGacaaccctccaagactttggctatcaagacgtctcactttctagaccaggaaactgggctcagagggtgagtcacttgccagggtGGCCCTTGCCCAGAAGGGGGCGCTCTGGCAATGACCAGACCCAGGTGGGCCAGTCTGACTTGTTCTGGCTCCAATACCCTAAACTGCTAGGCCGGTCCTTTGAGACAAACTAAGCATTCCAGTGATGACTCACTGCGTAACTGTCACAATTATCGGTAGTACTTGCTTGGGAAGACCCTTAGGGTGGCCAGCTTCTTGCTAGGGTGTGGTGAAACACAGCAGGTGACAGCTTCCTTGCTGCGCACAAAGAAGGAAAGTCAGTGCCAGCTAGAAGGTGCCAGTTAGAAGCACGTGGTCAGCCCTGGGCAACAGTGAGGATGACCCGAATCTGGGGTACGtgcacattagggtacgtgggtgggatggtgtggggctgcttctgaaatccagtatcctcctgttggccaagtcaggcgcccttggctgtggggctgtgtctacctggaggaaagacctccttctcctaatttgcccaaggaagtctctggggctgtcgtggccTCATGGGTCAGTGCTGTCCTTGTGGGCCTGAGAAGGCTCCCGAAGCCTCGCCTTGGTCTGCATGCCAGGTTTGGAGTCCCGGCTCCCCTAGCTGTCTCCCAATGGCCGGTCTCATGGCTGCATAGCCAGTGTCTgagcccaaggccttgctggtcggacagacctgggctggggtcagggagttcaggctctgccttttgcttgtcgagtgccctgagccaggcactgaagatgcctggaactcattttcctgggcagcgaaatgcatataatggtgttttttcatcagggaatcatgagggttaaatctgatgagtcttataaaggtagaacaccatctccggcacttgctcagtgctcagtgaGGACTGCCCATAATTAATGCTGATTGTGTTTCCACACCAGGTGCCGTGGGCGGGGTCATTGCCCAGGGCTATGTAG
chr8,133071142,133072072,930,GATCGACTCAGAGCAATTTGGGTTTTCAGCTATATCCTGGAGCAACATCCAGGTCTCAGACAGCCCTGAGAGCATCCCCTACCACCTTATCCTCCATTCATTTATCTCCTCATTTCCCCTCCATTCTTCTCtcccttcctccctctttccctctctccctccctcccttctaccctctctttctccctccttttcttccttcatcaatttctcctacttttcttccctcccctccttcctcctaccctttctgcctctttccatctcccaaccatttccctccctccctcactcttttcctccatccctccctctccccctccttctctttctccctcccttcttctcttctcccattcatttccctcctttacttgctgtcttcctccctccctccctcccCTGCTCTCTGTCTCCCCAACCATCAGGAATAACAGATGCCTACCGTGAAGGCTCCACTGGAGTGCAGCTGGATGAATGATGCTAGGGTTTGAACAGGTGCAGACTGAGTCCTTTATACCCCAAGGAAAGACCCTTAGCCATGTGATGCCTCTCCCCACTCCTCACATCAAGAAGGAAGCCTTTCATGAATGTTGGCAGGTGGGCTGCCTCTGAAGGGAGGAGGCATCATAATACTATAGCTTGGAACAGGTGAAGGCTCCATATTAAGAAGCCCCATCTTGAGCCTCAGAGGAGACCTCAGGCTCTAATTAGAGAACAATGGGTTCCCTGTTCTACCCCACCTCACCTCAAAGGCTAGGAGGCCCATGGATTATGTCTCAGGGTCATCATGGGAACTCTCGGGGGATGAAAGACTGATGAAAGTCATGTGGGCTCTCCTGCAAGATAAAGGGCTGGCTTTGTCTGGTCTAGTTCATTCTTTAGCAAGAGGATTTCTAGCGTGATTCTTCTTATATGTTCTTGGCCTCA
chr8,133072072,133072762,690,GATCTCGGAATTTGATGCCTCTTTCCTTTAGGGCTTTTCTGCCCAAGCTGTGGGGTAGGGTGAGGTGgggctttataatcagacacccaaggttcctctgccagccctgctactgagtagcagtgtgaccttgagtttgtcactgctcagctttagcttccacatctgttaaatgggcttaatcctacTAAGATTTCGAGGCTGAAGAAAGCCATATATAGTGTGTGGTATGGGGGCTCATTAAGTCCTAGTTCTTTTTGTCACTTCCTCATATCGCCTTGTGAAGGGTTTTCTTTCCTGATTTTGAAAGGAGAACTGGCATTTATTGAGTACGTGTAATGTACCACAAGTGTTTTATAGGATTTTGCCCTCATCATCCCTGCAGCAGCCCTTCCATTACTGCTTTCataatcctaggagcaaggattaattagctccactttacagatgagaaaaaatggtgtcgttgaggttgaggcattgtagaagctcacgtgtaatggaagcattctggaatgcaggttagcctggctgtgaaccctctgAGTTGCTCACTCTATGGCCACCTCCTGAAGAAGCAGGACTCCTCAAACGATTAAATCAGGGCACAATTGAGCCTCTATGGAAGAACCCATTGAAGGGCTTCTTCAAATAAGTAATTACTCTCATTCATTGAGGCTTGTGTTTGTA
chr8,133072762,133073049,287,GATCATTAACTATTGTTCAGCATCTCATGTGATTTGAGGAATGAAGATGCATTGTCTGTAATATTTTCTCATTAGCACCAAAGACCCACCATCTCTAAAATGACTAAGCCCGTGGGCATCTATGGCTCAGTGCAGCAAAATCCATCTTTTCAGCATCTCAAGAGCATAGCTGAGATTGTTATTATGCTCAAGAGCATAACTGAGATTGTTATTATGCCTGAGCAATACAAAGGCATAACAATCTACATAGGTATCTTGTTCGAGACATTTCATGGGGTTTTGAGAAG
chr8,133073049,133073879,830,GATCATTTTTTCCCATAGCTTACAAcagagtatcttaatcttagcactgttgacatttgggccaaattattctttttttgtaggagttgtcccgagcattgcaatatcgcaggtctctactcagctgatgccagtagcactccctaccttgttgtgacaaccaaaaatgtctccaaacattgccaagtgtcccctgggggccaaatcacccctgattgaaaaccactgGCCTTCAATATCCCTGGAACCTTGGCCTTTTACCATTCTGTTGGTGGAATAAAGTGAGAGTGAAGTTTTCACAAGAACCCAGACATAAGAGGATAAAGTCTGTTCTAAATGAGAGTTTAAAATTTTAGATTTAATTATGACAGCACCTAAATGTCTCGTTCACACAAACCCACAGCACTAGTGCACCTGTGCAGAAATAGGGAGCCACACGCACACACACACAAACACTTAGAACCATGCACTGGGGCCAAGAAACAAACACAATCTTTCTCctctctcccccttctcctccccctttccctctcctctttcccttcccctccttcctttccctctccctcatcttctccctctcccttcctccttctctctgtccctctctttctttctctTGACAACTTAGCTGGTCTTCTGGGCATGAATGAAATAAACAGAAATGTGCCTGCACCTTTGCTACCTGGAAGAATGAAGTTTAATGACGTTACGCATGTAACTGCACAATCTCCTTCATCAGAACAGATACAGTCACTGTCCCATCTCTTTCACCTCATCTGCTAACCACTGGTGGCCACATACATACACACTAATTAGTAGGAGTTCCA
chr8,133073879,133074120,241,GATCAGTAGCACCCCCTGAGGCTTTCTTATTGCCCTAGCTATCCCCTAAATCAGGACACATTCAGCTCAGAAGGGGTCAAACCTCTTATGAACTCCAGGAGACCAGTTGGACTCCAGGCAGTCGTCAGCCACTCCTGGGCCCTGTTTTCCTTCTGCCTTTGCTGCTGTTGTGGCTGATGGTATGACTGTAGAAAACTGGCCCCAAGGAGTCCTCTGAGCCTTTGTCCTTGATGCTAGGCCA
chr8,133074120,133075707,1587,GATCCTTGCATAAGCCTCAGAGGTATTCCGCATTTGAGCTTCTTAAAGATTATAGTCATGCTCAGTCATTATTCCCAAAGTATGGGGTAACTGGGTTCACATGGGTTTCCCCACAAGTGAATAGCCCCAGTCTTGGGCCCAAGCCATCCATCCATTCTTCACCTTCCTTGATGATAAGTTACTCTTTGAGGAACCTTGAGGACCCTCTCCTGTCAAAGGTCCTTAATTAATATCCACGCAAGGGTTGAATCAAATTAATCCATGCTTAATGAGTTTGCTTGGTTCCTATCCAGGTAGAAGTCCCTTTGCCTCCCAGAAAATTTGCTGTATCCTCTTCATCTTTGCAAAAGTCATGATAATATACATTTATGAGCTTGACATTTGCATAACTTGGAGAGTCTTTCAAGTGTTCTGGAGAATAAAAAGAAATCTTTCTGCATATGATTAGAAAGAGAAATGTCTGGCTGCTCCTCTCTCCAATGTCCAAGTTCTACCTCCCCAGGCACCTTGTGGTTCACAGGAGTGCCAGGGAACTCAGGGGTCTTCCAATGGCAGAAACTGTTTTCTACTTAGATGATGAACAGAAAGTGACTTTCCTCACCCAAGGGCAGCCCTAGGTCACAAAAGGGTAAAAAAAATACTCATGGCCCAGCAGAGTCCTAAGGCAAGAGAGTGGAGAAGGAGCACCAGGCACATCAGGAGAAAAACTGTCCCTGGTAATGAGAAATAAGGGGTCCGTGCAGAGCCACTGGAGAGGGCACACATGCTCTACGTGGAGACTCAGCATAGATAGGGATACTGGAGCAACCGCAAACCTGAATATAGTGAAAAAGGAATCTGATACAATGAAGGTGGCAAATCAGTATGTGGGGAtgcagaagaaagttgactccacagacgtactccacagatgagctcaaatcctgcacctttcagaggaacatctggtccttgaccagctcctggggaatcccctgtaaatccttggaatatcctgcctgatgagtgtctcttgtacctggggcttcgtgccatgacagatagtttatgttaacaatgtgatttatggtggggccttaggtcgtgcagtatcagcttgacctctagagggactggagactgaataactaagtttagccatgcaggccatgaaggcactccatacctactccatacccccaaacatcccctggacaccaaaacttggatgagctttcctggctgacaatactccacgtgttgttaaacattatttctgggaggattagatgctgactgtgcaaccccactggaagcttgtgcctgggctctcttggactctctctagaggtgcctttcacatttgctgcttttcatctgcatccttttgttgtaataaatgctaaatgtgcatataacagttttccctacctctgagttctactcatgaatcattgaacctgagggtgctcatggggacctctgaATCCAGTGGGTCACACAGAAGAGGAATCAAGACAAGATGTCAATAAAAACAACTCTCTAAACCTCCTCCTAATGATAAAGTTTTCATTATCGCCCACTTAAGGGGGCTTGGAAGATTATATA
chr8,133075707,133076127,420,GATCCCATACCATGGCAAGTCTGATTGGTTGTACATGTATTAGTTAACTATCAGTATATGTGAATCTCTCTAGAGTATGAATTCAATATTAATTTATGCTTTTGTTGTCTTTCAAAAGTCTCAAGTTTAAGTCACCTCAGGTATTGTGTCAGAGTCTCCATGGCTGAACTGGTTTGTGCAGGCTAGAGTGCCCACGCATCCCCAGTTTTTAAATTGTCAGGATTGCCTCAAGCATTGTAGGAGTTTCTTGAGCATGAACACTAGATTTCCATGATTTTGAAGCAGGCAAGGAGTCTGGCATTACTGTATTAATTGTGAGGCCTCTAACAAGAAAACTTCTACCTTCAATGTTTTGCACAGATTCACAGGAGAGGGAAAAAAAATGCTACTTCCAAGAATAACCACTTTAAATTAACTGAT
chr8,133076127,133077095,968,GATCTAGCTGGAGCCTGGGTGAATTCTTCAAATGTAGCCCACTTGGGACAAGAGCCAGGGTGGATGGCGTATCCCCTGAAGTAATTGTTATGCCCTAGTGTTATTTTCAAGGCCTCACACAGACTTGCAGATATTCTCAAGGCACTTTTGCTTTAAGGCTGAAAAAAAAGCAGAAGAAGAAGGAACTCAAGGTACTGAGATATAAACACTGTAGAGACATAAATTAAACCCTGATGTCGCCAACAAGGGTCTAGCCTCTTCCGGAGAGCAAGTGTGGGGCAGTGCACTGGACAGGGGTCACTAGGGGTGAGACTCAGAAGGTGGAAAAGACTCATGCAAGACCCCATTGCTAGTTAGCATCAAAGTCTAGTGAGGAGCAGCCCGTATTTCTCCACTCACTGCCCAATGCTCTTTTCCAATACCCAGCTGTATCTAACGCATCTCTAGAGCTTGCACGAGGCTAATTTAAACTCATTAATAAGTTGTTCAGTAAATGTAATACGTTGTGTGCATAGAGATTTTAATGTGGCAAGGACGAAAGAACTATTGAATTATGTGTTTGCAAGATTTCCTATTTCCTCTCCTCATACCAGATAAAGGGATTTCTATCTTTGATTTCTGACCACCCCACCCCCACTCCTAATGCCTATATATTTTTTGGTCATTTAATGCAGGATGAAGGTGATGATAGGAAGAGAAGACAGGAAAAGTGGGATGGTGGACTTGCATAAGAAATAAGGACCCTGTGTTTGGGAAAGAAAAAAATAATGGAGGCAGAAGGAAAGCAAAGTAAGCAGAAGAGGTAAATGGAAACACAGAGAAGAGCCAGAGAGCTTGATTTTAGGAGAGCTACTGAGTGATAAGTTGAAAAATGAAATATAAAGAGAAGTTTTAAGATGATGGTTTGTGAGAAGTGAGAAACAGTGGAGGGCAGAAAGAATAAGAAGTTTCTAAGAAGTGTTGACATG
chr8,133077104,133077750,646,GATCCCAGCTGGTATTCTTCAGGACCCAAATGGAAAGATTGGGTTATTACACTGTTTCGTTTGTTTGTTCAAATGTAAAACATTGCCAAGACTGAGCCCTGTGAGCACCCAGCTTATATTTGGGTTACAGTAAGAAGGGATTTTCTATACAGTTTAATGTAATTCCATGATATTTAGAAGACCAGAGTCCCTTGAGGTAGTTCAGGTAGATGGCATGATAATGGCCAAACTATGGGTTTTGGGATATTTTTTGCAGAAGTGAGAGATAAAAAAAAGCTGATACTGGAATATCTGGAAATAAATGAAGTTTTGAAGCTACCAGGACAAGGAGAGAGGTACCATAATGAAACATAAATTCTAGTACTTCACGGTGCCTTCTTTTGCATGAATTATTTGTTTGCATTTTTCCTTCAGTCAAGAATTTCAGTATTTGTGGGGGTTGTCCCCCACAAACTgctctgtggcccaggctggagtgcagtggtgcaatctcggcttactgcaagctctgcctcctaggttcatgccattctcctgcctcagcctcccgagtagctgggactacaggcatccaccaccacgcctggctagtttttttgtgtttttagtagagacggggtttcaccatgttagccaggatggtctc
chr8,133077766,133078776,1010,gatccgcccgccttggcctcccaaagtgctgggattacaggcgtgagccaccgcgcccagccTTTTATTTGTCTTTTTAGCTTACATAGGAGCTCTGTGGCTAAGAGATTTGCCTGAGTTCACGCAGAGAGCAAAAGTGCTTGGTCAGGCTGACTCCTGCTGTGTTTTTCCCTTGACCTTATTGCAAACATCAAGCTGTTAGCTGAAAGGGAATAAGAAAAATCCTAGGTGCTCTTTGTCCCAAATTAATGAGGACTAGATGAGCTACAGCATTCCAAAGACATCTGGGAATCACTCAGATTTACAGGACCCTTTTGTGTAATGCATTCACTGCAAAGTTACAACATAGTCAAGCTGTGTACTTACTGTGCGAGTGGGACACCCTTTTCACCCTCTGACAGATATATGTTGCATTCTTCAGAAACCAGGAATAGTATTCAAGACAGTATCTAAAGATTTAAATCAGAGCAGGGAGCAATAACTATCCTGTGATGGCTATTAGAAGACAGCCAGAGTTTTAAAGGTAAGCACATAAACATGAACTATATGGCCAATTATTCACAGCAAGGAACCCTCTGCCCATCTTTAAAGGGTGTCAGAGGAGAGATAGGAAAGAAGGCTGGGTAggaagaagttcagactttggggccagcaagacttatttttatccctagccccactgcgtactaggatgcatgacttcagggtgataacttaattctctggactttaattttctcatatataaatgaaaggcaataatggaacctatactcgcaggttatataaggataagataacatatgtaaagttcctgaacagtacccagcatacaagaggtgctcaatacatggtgacATTTGTCTGTTTGTTTGCTTATTTATTTTAGTGGGAGATGAGAGAGAGAGTGGAGTGCTGCTGTCATTATCAATGCAGCAAACACTTTGCAAAATAACATTCTGTTCTTGGTCAGAGGTGGCAGGAGCTGCATcagagggctgtggtgaaaa
chr8,133078776,133079135,359,gatcactcacccaattaataggaagaagagttctcagtgcaggctgtgtcaactagctcattgtatgactctgggaattcacttctctttcaatctctcacctgatatttgaggaggttgggctaaacattctctaatttctcttccacctctaacattctgtgattctaGCACACCCTAGAGAGTTGTGCAACTAATTGCTCAAGTCAAGCTGTGGTAGAGATTTTCCAAGGGCTATCACCCCCAATTTATAGGAAAGTGCAAagctgaggaaactgaggcacagagattaaatgacttccccaagggatttctggtggtagtattggattttaacccaggtaaccCACTTTATGCCA
chr8,133079164,133080355,1191,GATCAGTATTTGagtcaggaccctgccaggaaagcaggacttggtggttctatagagggactttaatacgatgaatcagtgataaagggctgaaagaaccaacaggggaaggtgtggtaaccccgcattagcagccacagggagttgctgggcctggagggacagacagagaaagtactgtggccaaagcacagagggcaatggccttggtggcagctgggaccgcagagctgaagctgttatgaggattccttgtggaaactggaaccacagaggaaatagagccgctcctggaaatattgcccaaagcagaaagggagggggagaaattccctggcttctcccctctactgccctccaatctcctctcagtatcttctatgggatgaactcactggaatctggttggcagtgtgttctgggaaaggtagtttgcacaagtcagccccttcattaaagagtctactagagaatgggcaggaaatggaaccaagtgtgaagaagcAATTGATGAACACATCCAGGATGCTTTTTGTGAGCTTACGAACCTGTACTCTTAGGGAGACCTTTCAAAACTTCCAGAGATAGGATGTCAAGGTTGGCCAACTCAACAGCTGACATGGCCACTAGATATCTGGTTAGCACAGCTACAACATGTCAAGGGTGCTAGCAATGGGATTCCCACTTGGCTGTGGGAGTGGACAAGAGAGCAACCACAACAGTGTCTTAATCAGCAACCACAAAGCGCAGCGTTCCAGGTACCATGCAGGAACAATTAGATATATTATTTCATTTCATTTTGTTCTCACAACACTGTCAATATGAGACTGCTGCTACCCTTTTACATGAATGGTGCTCCTGGAGTTGTGCAACATGTGGTCTAGAATgtaggcaggactatacccattttgtagatgaacaaactgaggttcagagattgaatgactagctcaagaccacatagcttgtaagtggcagagactaaatttaaacccaggcctgcctggcttcaagccctgccctctctatagctcactaagctaccTACTAGCTTTGAGGGCCTTGGCTGTATGGTCTAATCCCATTTCTTCTTAGCCAGTGTAACAATCTGCAAGTCATACTTTCTTACAACAGCAACAAAACTTCTTAGAAAGCTTCTGTGATAGAGGATATCAAGCAACTTTGGGGCAT
chr8,133080355,133080566,211,GATCTGCTTTAGAAGTTCATATTGCTAGATGGACAACATCATCCAAACTAAGGTGCTCTGTGAAACTGCCAAGTGTGAGGCCAGGATTTAAGTTGCAGCAACCACAGAAACATGACCCACACCTTCATGAGCCAAAAAGCTGCCATTCTGTGCCTGAATTCACTTTGAAAGTGTACACCGCTCTCAGGATGAATGAGAATCTTGCCTCTAT
chr8,133080566,133081513,947,GATCAGGAGAGAAACTATTTAAACACGACATGTCCCATCCCCAAGCTTTCTGGCAGAGGCATCCCCTACAGTGATAAATGAACAATAGATAAATGCCCCTGGTTATTACTTTGTAGGGAATGGAGTCAAAGTCCTGTTCATAACAAGAATATGTATTCCTCACATGGACTGGAAGAGGCATTTCCTTGCAGAAAAGGCTAGATGGTCTTAGAAGAAAATCAGTTGTTAAGGTGGCCTATTTTGTTTGTCTTCAGTTCTTCAGGGCAGATATAAGCTGCAATGCCATGGCTAGCATGAGCTGAAACTAGTGTTGAAGCACCCATGATTACACCAGCCCCTTGTAGGTATGTCTATCTAAATTCCTAGCAGACCAGAGCTGCTGCACGCACTGTGGAGTCAGCAGCAGCCTGAATAGAAGAGGAGCCGTGGACACTTCACTGGGGCCTGAGGTAGCAAAATTTGTAAGTCACCAGGGACTGTGGCTTTGTTATCCTGCAAGGAGTGTGCCCCAAGAATGGTTCTGGGGCCCCAAATAAGAAAGATTTCAAGAGATGACCCTGGGAGGGAGATGATATGAAGAGAATGGGAGTTTAGATTATCTCAGTTTAAAAATGGACAGGATTTAGAGGGCTGCACTTCAATAATTCTGTATGTTTTATTTATTCTGAACAAGGAGGGAGTAGAAAGCTTGGAGAAGGGACAGATGGAGCTCTAGAGTGAAAGTCAAAGAGGGCATATAATAAGTTACCCAGGTGCTTAAAAGGCAAGGTAGTCCTGAATAGGGACATGCCAGAGACTTGGtctcccatctttgctgcagctacattgaacatctcagtggtccttagatgctccaggctacccgtgactccatctttgcagatgctatttcttttgcctggaaaactcctattcctccATAAAGCCCTATTAGTTATTTCTCCTGG
chr8,133081513,133081946,433,GATCCCATAGCATGTTATTCAGGTCTGCTACAGCACTTGTCAGCTGCTTTGAAATTTGTCTTCTTACATTGCCAACTTTCCCACCAGTGTtttttttgtttgtttgtttgtttgtttTTTATCACAGAGGCTACGTTCAGCAAACATACTGAGTAATGCCACCTCCCCTACTCTAGTATTTTTGGCCTATATTCAGTGTATGAGTTTATGGAAAAATGTACTATTCAGTGAAAATACACAGAAAAGAAGGAACAAGCCCAAGCAAACAGGTGCTTCATTGCTCTAAATTTAAACTCAAACTTCTCTCTGAAAATTTATGCCTTTTTCATTTATTCATTCAGCTATTATTTGCAATATGAATGTTTTCAAATGTGATATTTTCCAACGGGATATGATTAACAGGTTTTTGCCTGGTTACGTGACTTGGTTCTAT
chr8,133082123,133082364,241,GATCTCCTAAAGTGGGCTTAACCTAGACAATACAGAAAGTATTGTCGTAAAAGTTTTCTTTAGAATAAACCTGTGCTTTGGGTCTACAGGTCTTGCTTATTGCCCTCTATGAATGGAGGAAATGTTCGTACTGACGGGGGGGGGGGGGAGGGGGATGAAAGATTACAGCTGGAAAGGGGTGATGGAAAATGGCTGTCCACCTGGGCTTCAGACTCAGAGGCAGAAATTTTAAAAGCTAATG
chr8,133082364,133082714,350,GATCTTGAGAGTAGTCTTTGAAAATAACATTAAAGACAGGAGAGATTGGTATCCAGGCCACTGGAGCAGGAGTATTCATCTATGTAATTTAGTTCTGGGTTTACAGCCAAGAATAAATCCCAGAAGAAATAACAGTATGTCAGCATTGTAGGACAGAAAATGTCCATGTCTAGACCTTCTTAATATAAAACAGGTTCTGCTTTTTAATTTAAGTTTTCCAACTTATTTTGCTGGTGGATGATTGGTAGGGATTTATGAAAGAACTGGAATTTAGATAGACATATCTTCTAATTATTCTCTCCTAGCAAATCTCGCCAGGCTGAGGGCATTTGGATTAAAGAACCACTCAA
chr8,133082727,133083194,467,GATCCTCTGCCATaattctacttaacatgacacaagttaacttaactcaacacaacatatctcaatatagcttaattaatctaaactcaacacaattcaacttatctcaactcaactcaactcatctcaactcaacacagctccactcatctcaactcattacacctcaactcaactcatctcatcacggctaaactcatcccaactcaactcaactcatctcaactcaacacaactcacctcatctcaactcaacacatctcaactcaacacaactcaactcatctcaactcatcactattcaactcatctcatcacagctcagctcatcacaactcaagtcatctcaacttaatacaactcaagtcatcccaactcaacacaactcaactcatctcaactcattacaactcaactcaactcatctcaacacaattcatctcatcacaggtcaattcatctcaact
chr8,133083194,133083836,642,gatcacaactccagtcatctcaactcatcacagcttaagtcatctcaactcaacacaactcaactcatctcaactcaacttatctcaactcatcacaactccaattcaactcaactcaactccaattcaattcacctcaactcaATTATacttattgtgtcaggcactgcacttggttctggggaccagctatgaatgagattccatcatgaatctcaaggatgtgactgtctagtaaaggaCTCACTGGAGAGTCCCTTACCTTGAGGTAACCCCTACTGCCTGTCTGTGGATTGCTTATTGCCTGACTGCCTTGTGGCCTGCAGAAAAGCCACACGGAATAAGAAAGCTATAAATATTCCATGTGAAAAGAAGCCACTGGGCCAAGTTACCTCATGTCCTCTGTCCTGGGACTCCTCTGGCTCATGCAGAGGCATTGCTGGAAGAATTGGCACAGCTCCATCAGGCATGGGTTGAGCCTCTGAATAGCCAGGGTGAGAGGAGCAGCTGCCATAGCTCCCACCTTGAAGAGTGGCTGAGGACACCCTAGAAGATGCAATCCCAGACCAATTAAATCAGTAAGAGTTTAGTAAGCATCTTCTCTTCGTTAAGCCCTGCATCAGGTGAATATAGTCTTGTCCT
chr8,133083997,133084497,500,GATCTAAGATGTTGAACAGGAATGTATCAGGTGGAGGGCATTTCTGGTGTAAGGGACAGGGCATACAATGACTCTGCGTGATGTAAGGGGGTGACTTGCTGAGGGGGATTTGAGAAAAATTTGAGTACAGGGGATATGAGgtatgtatatgcatgtgtgtgtgcagggtacatgtgtgtgcatgtgtgtgtatatgtatgtgcatgcatgtgagagcatatggatatgtgtttgcctgtgtgtgtgtgtatgcacgtgcatgtgtatgtgagtgCAAAAAGGAGAGAAAGAAGGGCAGGTTGAAAGATGAGACTGGCATGCTGGGTCACTGGAGAGTCAGGCTCTGCGTTTGTGAGTTCTGTGTTTCCATCAAGTGAAAGTTAATTATGTTTCCGTGAACCAGATTTTCAGTGTTGTTTAATTTTTAGTTTTTAGGAGGAAGGCCAAAGATAAAAGAAGGAGACAACaaattatttttaataaaaattCCAACTTGTTGG
chr8,133084497,133085722,1225,GATCTGCTGAGACTCAGAAAGCTTCCTATGGCTACACCTACAtttccttatatggaaaatagggagacccatccctatcatatagaatgactggaaggattaaatgagacaatttatataaagtatattgcatattgaaaagttgtttgcatgaaacaaacaataaataatagcaattattattAttatttatttattaaaaatttgttgagctccactacatgctaggcactggtgacagccactagagctacaaaatgaataagaagaaaaagggccttcctctcacagagcttactttctagGGACTGGAAGGTTATATTACAATATTACTAATAATCTTCCAACAAAGGTTCACTAATCACTACCaggaaaaattatctaaaacctggaaataaacaaaaaggattactgaatacccttttaatgcagtttggttattgtctagcagactctctgcggattgtctgggtaaaaataattgtgcaccattaattgactttctattgaataggtgattttacaactagcaaggggtagatgttaaccgatagcaatataaataattcttgtctaagagcaatgctaattatttctgtccatagcaatgtaaatgaattttgtctggtagaggtgcaattgatttttgtccagtaaaaaaaaaaaagagtttattgctgtggaatatcaattcatttgagaattcctttgactgactacataaatcttttcccctcaaattccccattgaagcaatcttcacatctttctggtttcctcattacttaatgagttcaataatatctttgacatgttgacatgtattcattcaatattattctgtcatgtttgaacatttttcaaaattataatttagcaGTAATTACTTATTTTTAttttttatttcttgtagagatggggccttgctatgttgcccaggctggtctgaaactcctgggctcatgtaattctcccacctcagcctcccaaagtgctggaattacaggtgtaaaccaccacatctggccAGGAATATATTTATTTAAGTGGAGAAGGGGCTCATAATGTTAGCAGAAGACTTTTTAAGAAGGTAGAAAGAAAATACTTTATTCTGAGTTAACTAGAAGATAAACCCTCCAGAACACTGACCAATTTCCATCAATGTGCCCATGAGTTTTTCTCTATcagttattgagcagttgctatgtatcaggcactctcctaa
chr8,133085722,133085858,136,gatctttgcatacattattttatctaattctcataaatcttgtgaagtagacatcagaagtatacagaagaggacacagagggtctgagtaactctgcagttgtatcagttatgcaacagggagtaactccagcaa
chr8,133085858,133086253,395,gatctgactctgaagcctgtgctcataaccatcacacttcactACTTGAACATAAttaacattcccaaggcttgatttccatgtcccttgccccaacccaccccatccatccttctctaactcaggaaatgacacttgggatattcacttagttgctcaaacttgggcatgatttttggttccctcctgtgctcactccatcatcaccgcatcctcttggttctatctcctacatatcacccaagtctccctatccacacagtcacctctactttccagtcaccatcaccactggcatcattagcacaacagtcacctcgcaagtttccctgcttccagcttctcctgttcctccccattctgcagtcagaggaacctttctgcaacacaaatct
chr8,133086253,133086652,399,gatcacattactcccacttgcctcagaagtctacactccttgacatggtgacaaagtactgttaatctcactcttggctacctctctagcctcattccacactaccctcactttcAGCACCTTCAACATCAGTCCTTTTAAGGTATAGTGCCTTTGCTTAAGCTATGCCTTTGCTTAGAATGCACCTTGTTCAGGTGCCACATTCTCAATCAATAAACTCTTGAACCATCCCCTCACCTGAAGGTAATCTCTTCCTCTCTGGATATACATAGCAGTTTCTGCTTCTCTTAAGAATCTAGTCACTCTTTTTTTTCAATTGCAGCTTTTTTTTTTTTCACATATGGCATATCTTGGAAAAGGTGACACAGAGGTGTGGAATAAGCACAAGCTTTGAAATTA
chr8,133086652,133087294,642,GATCTGGTGTCAAAATGGAGTCTCCTTTTATATGTAGAACTCACCATAATTCCTGAATGAGatattacctctcctgcagaattattgtgaagagaaagtaaaaataggcctagcatagtacctggcagtacagtaggagcccaataaatatttattaaatggatgaatGAGTGGATGCCAAATACTTTGTGGCATGATTTTTTTTTTGGATGAGCAGAATAAGTTACTGAGAAATGCCAGAACCCCTTTAATTTGCAATTATGTTTTTCATtacataggtagatagatagatgacagatggataggcaaataTCTATGATATGGAAGTTAAGAAATAAAGATAACCagatagaaagataaataggtatggatggataggtgggttaattgaaggatggatagatagatggcttggataaatatctattagatagatgacagatgagtgggtaggttaataaatagatagataTGGTAAATACCTATtaggtaagtagatagagctaacaagagagacagatagatatagttatacagatagctatagatacatggatatagatacagatatagatatagatatggatatagacaccaatatagacatagatatagacagaGTCAACCTGTTTTCTAAAACTT
chr8,133087294,133087442,148,GATCTCACAACAGCCTCCATCTGCACCACTGTGTTTCTTTAGAACTCCTGGGAGAAAAGGGATATAATTTCCTTAGTAGCATAATCACATCTTTGTGTCTGAAAGGTTCATTCACTATTCACTGCAGGCTGAGAGTAAGGCTGGGGCA
chr8,133087442,133087761,319,GATCTAAGGTGACATGAAAAAGGAGACGGGGCAGGGTCCAGCAGTTTAATAATGCCCTGTTGACATATGACTGGATGGTCCAGGAGCTGGTGTACAAAGGTATTCAGGAGTGGGAGGAGCCTGAGAATTCAAGCAGCTTTGAAGCACTCACTTTGTATCCATTTCTTTCTTATGGAATCTGGCTCAACAGAAAAGAGGAGAGTGAGATGTCCAAAAGCAAGCTGGAAAAATGCAGCAAAAACCACAGCAACTCAAGTCCTCAGCCTCTGTCAGGAGTTCTGAAAACAGAGCTACAAACTCAGGAAATGGTCTTCGTCTA
chr8,133087761,133088370,609,GATCCATGAGAATTAACTGTGCAGGGATGGAAAGGGTAGGTATCCCTTAACACAGAACAACAGGACATCATACCCAGCAAATGAGGTTGCATTTTGCAGTCATCTTTTTTATTCCTTCCTCCTTCACTGCCAACAACCCTGCTCCTTGCAAGAGCAGCTTCTATTTGCAAAGTGCCCAGCATGCTACCCAATAGACATTCACTCGATAAAAGTTGATTGAATTAAGttctacagagctctatacttccaaaccacttccacaaacattatcttacttaatacaaaaccttgtgggaaagataaaaaaacaggcatttttagtgcccacaaaaattgcaattattcttgctttacagttgagggaactgaatcttggaagttgagtactggaggccacctcaccagtaaatggctgagctaagatttgaatcccatgagtctgattttctaaatttaccgaacaaacctctccttattctactacatgaccttgttcAAAATAAACACAAGCAATAGTAATGACTGGGCACTGGTACTTACTTGAAACTTGATGGGGTCTTGGGACCAGGACTGGCTCTTCACCAGCAGTGAATGGCCACTCTGCAGAGA
chr8,133088370,133089099,729,GATCACCTGCAAAGGGCAGGAATGGCCTTCCAGAAGTCAGAATGGAATTACCTTAGGTGATACACACAGCAAGAAATTTATAACATCTTAAAGGTAAATCATTCTTGAAATCTATaggaaaatgatagccaaaaaaggggaagtgatttatggaagaccacacggaaatttagcagcacggcaaggcttataaaccagttctcctgactcTTTTCCTGCAGGAAACAATAAAGCAGAGTAACCTGCTTAGATTGCTTACTGGTACCCCATCCCACCACGCCCTTGTCCCCAAGCTTCCCACCCCTCCCATCCCCCACCCCCAAACCCCCACTTCCGTACTGAGTTTCTCACCTGTTTGTGGATATCTGGGGGCTGTTGCCTTGGTTGGACTCGGAGTCTGTGTGCCATGGGTGAATGCTCCTGGGAGGAGATGAGAGAGAGGTGAGCCTGCATCTCTTCTAGGGGGCCCTGAGGGAGAAGATGACCAGGGCCACCTATCCTGCCCTATCCAACCAATGTTGGTTAAGCCAGGTACCAGGCAGGGCTTTAAGAAGCAGAGATGAGTAAGAAATAAAACCCACAATGGAGTGTGAAAAAGGAAATGGGAAAATCCCATCATTACTGTGATACAGCGTGATGGTTGCCATTGGAAACCAGCTGACATTGGTAAGTTATGGTGACCCTGCACAGGAGAGCGATGGTGTTGTACAGGAAGTGTCCAATGTGGGT
chr8,133089284,133089543,259,GATCGTTTCTGTTAAGATTCTGGCCTCTGGCGAAACCAGCAATACAGTCTCCTTGTAGGAGACCAGTGAGAGAGAAGCTCAAGCAGGCAAGTTCCGTCATATGGATAAGTGGAAGGAAAGAGGTGAGGCTGAGAAACAGCCGAGGCACAGGCGATGGACACCCAGTTCAGCTGGGTCAGGTGACATCTACTCTAAGTCAAGCAGCACAGCAGTTCTGGAGGAGAGTGGGCTTTGCAGGCACACAAAGTGCATACATAAA
chr8,133089543,133089847,304,GATCAGGAGATGTGGGCAGTAAGCAGTGTGCTGTGGCTGGAGTCTAGAGGAGGAAGGTGGAGGGGCGAGGTGAGGCTGAGCAGCAGGCAGGGCTCATGCCTGGAATTTCAGGCCCGGGTCCATCCATCACAGTTGTCATACTGCTTGTTAATGGACAATGAAACAGGGAAAAAGAGAAGAAATTGGGGAGTGCGATTACATAAAAGAGAGAGGAACTGGGGAATGAAAGAAGGAGCTTTCATTCATCTACAGATGGGAAGAAAGAGGTAGGGCAAAGGAAAGGAGAAGGAAGAGTTTGCTTCAT
chr8,133089847,133090918,1071,GATCATTATGTTTTCTTAGTTTTCTGTGTGTGTATTATATTCCAAAAATTTAGAAAGTTTATCAAAACAGACAATGCTAAGTTTAATTTAAAACGGGAGAGGTAGAAGTGAGCACCCTCTCTTACCCAAGGTAGGGCTGGCCTGGGATGGGCTGCCAGGTGTGGCCATTATCTCAGCAGCAGGCGCCAAAAGGCTTGTAGTGTTCATGGCTTCCTCGGTCCCTGCAGTAGTCGGTGGGGAAGAACGAGTTTCCCAGAGAGACCCTCCAGGTTTTTTCTCACTGATGGTCTGAGCCCAGGGCACGGACGATATGGAAGCCCACGTCTGTCTGTCAGCTGTCAACCACTGAGTTCTGGCCACCCTCCTGGTAGCTGCACATTCAAAGTGACAGTAACAGGGTACAGACATGCTTGACCACTTCGATTCAGACATGAAATTGCTGAGACATTGAAACGTTATCAAAGGGCAAATGCAATGTGAACGTGTAATATAAGTAATCCAGGGGCTTAAACTTTACTCTGAACTGAAATAAATGGACCAAAGTAAGCATTGTTTTCCTAAGCACCAATAAacacacacacacacacacacacacacacacacacacacacaACCTCTAAATCTCTAGGACCCCAGGCGTGTGTGTTTGGGGGTCAGTTAGCTGTCTCTCAAATTTATTTAATACATTTCTAATCAtgtgacatagtgaaaagattgtggggtctgaggtgaggagatgcaaacagattagttgtgcctctgtctcctccatggtgtgaactttggggcaaattgcttaactccttttagcttcctcatgaaaatgaggataccagtgttaataataacacctgccctccaacatcacaggattgttattagTTAAGAAAAATCCTTGGCTCATGCTATTTAATGGAGTTGATTTATTTTCCTCTACACCACCCAGTCATCCTTGTTTCCTTGCCTGCTGACACCTAtcaattcttatctcttggggaagcctgtgtctcctctatgccggggtaggagccctctctgtgttctctgtgtacaatagttctttgtaggctg
chr8,133090918,133091394,476,gatcataactattggtttacttgcctgggctctctcctaggtctgagagctcaggaaagagagagaacatttatagagctgtgtttttaacagctagcctcctgtctggaaggaaatatgttttgatgagtaaataaatgaatgaatTCTGATGACTGAATGAATGAATTCTGATGACAATATTGTCTCAGTGggtccattgttggaacccactgagaaaatattgactcttttttgtttgtttgttttttctgcactttattttattttaagtcttaggttacatgtgcacaacttgcaggtttgttacatatgtatacatgtgccatgttggtgtgctgcacccattaactcttcatttaacattaggtatatctcctaatgctatccctaatgagctacctccattttatattatttccaaataggaaaaataagataagcatgccttttgtgtctttagtgatgacactgct
chr8,133091394,133091792,398,gatcatgtacgcaagatgctggggaggcaggggcctcctgcaggtcattggcggcagctttcccactggtgttaagtcattaacatattcttggcatcattatgaaaccagctacagactgacctaaccatgccataaaatattgacttcacttcaccgtttcatgtgaatttcaggagcgatatcgctaaatgctttgctgaaatataaatactttTGCCACAAtgtactgtgattatgtaagacattagcattgaaggaggctgggtgaagggtaccagggaactctctatattatttttgcaagtcttcgtgagtcttaaactatttcagaataaaaagGCATCAAAATACATATTAGAAACACATTATGTCAATGGCATTTTCTGCCTTTGTTT
chr8,133091822,133092092,270,GATCTGTTATTTAAGTAAGCTGAAGCGTAACTTCAGTTGGTGGAGAAGGGATTAAGGTAAGGATTTTGCTTATATATGTGAGCCTAGAGGTAACAGGAGCGAGACATAGCAAAGGGGAGGAAAGGGTGAGAATGCATCTTACCCAAGGCTGGGAGAGTGTGGGAGGCACTGAACCATGTGGCTGTGGCCCTGGCTGGAAGCTCAGGAGGCCTGCCTGTGTTCAGGGTCTCCTCTGTTTCTGAAGGAGCAGCTGTCTCTGTCCAGGGAGAG
chr8,133092092,133094242,2150,GATCTCAGAGCAGATGCCCAGGGTGTGCTCTGGGTCCAGTGTCCGGGGCTTGTACTTGGTAGTGTTTTCTGGCTTTTGGTTGTGGGCTTTGAAGTCCTGGCAGTTCCCCTGGTAGCTGCACCTTCAGGGAGGCAGTCAATGGTAACATTAACATGCTTGACACTTTGGGCATAAAAAAACTGAAAGGTCACTGGACTGCAAATATATGAATGTGGAGATTCAAACCTTTCTCTAATTAAAAGTATCAGGCATTTGCTATGTTTCCTGAACAGATTCTGACCCCTGTCAGAGCCTTTCTTCCACCTCCAGCCCTCAGCCTCTCCAGGACTCTGGTACATGTCTTTGGAAGAGGAATTAGTCTCCTCCATATGCCTTATGGATACAACTAAATTtcatgtgcgtccgtgtgaagagaccaccaaacaggctttgtgtgagcaataaagctgtttatttcacctgggtgcaggcgggctgagtccgaaaagagagtcagtgaagggagataagggtggggccgttttataggatttgggtaggtaaaggaaaattacagtcaaagggggtttgttctctggcgggcaggagtgggggtctcaaggtgctcagtgggggtgctttttgagccaggatgagccaggaagaggactttcacaaggtaatgtcatcagttaaggcaaggaccagccatttacacttcttttgtggtggaatgtcatcagttaaggtggggcagggcatattcacttcttttgtgattcttcagttacttcaggccatctgggcgtataggtgcaagtcacaggggttgcgatggcttggcttgggctcagaggcctgacaTGcctgccttcttatattaataagaaaaataaaatagtgttgaagtgttggggtggcgaaaatttttggggggtggtatggagagagaatgggcgatgtttctcagggctgcttcaagcgggattaggggcagcgtgggaacctagagtgggagagattaagctgaagggaggtcttgtggtaaggggtgatattgtggggatgttagaagaaacatttgttgtatagaatgataggtgatggcctggatacagttttgtatgaattgaaaaactaaatggaataagagaaggagaaaaacaggtataaaaggactaagaattgggaggacctaggacatctaattagagagtgcctaaggagattcagcatagtcctgccagcaaagattatttatttacttcaagagttaagagtggcagtttggggatagcaccagtagatatcagctgtgatggcttgcaaaaaaacagtgtaaaccggcagtgtaaacaagagcagggcatgtatgagtagttgagaacggtgaataggtgtatgactagacagaagatagtagggatgacaagttttttggggcacagtctaagtTggtctggtgtctggaatgagaagcatctatacaggagcctaaatgggctgtaccctgtagcattccgaggacaggcctgaattctgagaagggaaagtggtaaaagtattgtccagtcctttttaagttggtggctgagcttggtgaggtgtgtttttaaaagacctttagtccattctacttttcttgaagacggaggaccgtaagggatataaagctttcactgaatactaagagcctgaaaaactgcttggctgatttgactaataaaggctcatctgttatcagactgtattgaggtgggaaggcttaactgaggaattatgtctgacagaacagaagaaatgactgcggtggccttctcagaccctgtaggaaaggcttctacctatccagtgaaagtgtctacctagactaagaggtattttagttatctgactcagggcatgttgagtaaagctaatttgccagtcctgggtggcgcaaatcctcgagcttcatgtgtacggaagggagggggcctgaataatccctgaggagtagtagaatagcagatgggacactgagaagttatttccttgaggatagatttccacgatggaaaggaaatgagaggttctaagaggtgggctagtggcttgtaCTatagtataacctgcctttgctggtgtgtggcgattaggcctggtggaactgccatcaataaatcaagcgt
chr8,133094300,133094726,426,gatcagagagatacagtaatgggggccaggtgtggtatcaggaataatgtgggaggccggactgaagtccaggccaggaacaatggtaattgtgggagactcaacaaagagtgagtatagctgaaggagccaggaagcagaaagtatatgcatcagctatgaggaagaaaatagattttggaagttatgagaactgtagagagtgagttgagcatagtttgtgattttgagggcctctaaaagcattaaagcagcagcagccgctgcacgcagacatgagggctaggctaaaacagtaaggtcaagttgtttggacagaaaggctacagggtgtggtcctggctcttgtgtaagaattctgaccacactaaccatgcctaggaaagaaaggagttgttgttttgtagaagatgctggggtttgaga
chr8,133094726,133094967,241,gatcagtcggacatgattggcagggagagcacgtgtgtttttatgagaattatgccgagataggtaacagatgaggaagaaatttgggcttgattgaagtaatgggggctgtctgtgaagctttgcagcagtacagccttggtaatttgctgagcctaatgggtgtcagagtcagtctaagtgaaagcaaagagaggctgggacgaggggtgcaggggaatagtgaaaaaagcatctttaa
chr8,133095075,133095766,691,gatcctgaactaacttgtaaggcttgtctggttttaggacaggtaaaatgagggaattgtaaggagagtttatagggtttaaaaggccatgctgtagcaggtgagtgataacaggctttaatctttttaaagcgtgctgtgggatgggatattggcattgagtggggtaagggtgattaggttttaatgagatggtaaggggtgcatgattggtcgccaaggagggagtagaggtatcttatacttgtgggttaaggtgggggggatacaagaggaggacgcaaaggaggctttggattgggaagaagggtggcaatgagatatagctgtagtccaggaatagtcagggaagcagataatttagttaaagtatctcagcctaataagggaaatgcacaggtggggataactaaaaaggagtgcttaaaagagtattgtctaagttggcaccagagttggggagttttaagaggtttagaagcctggccgtcaatacccacaacagttatggaggcaagggaaacaggcccttgaaaagaaggtaatgtggagtgggtagcctccgtattgattaagaaggggacgggcttaccttccactgtgagagttacccgaagcttggcgtccgtgatggtctagggggcttccgaggcaatcgggcagtgtcagtcttcagccgctaagccaagaa
chr8,133095766,133097714,1948,gatctgggaaggagtcagtcagagagccttgggccagcgttccaagggctctgggagtggctgccaggtgagttgaacagtccgattttcagtggggtcccacacagatgggacgcggcttaggaggaatcccaggctgcgggcattccttggcccagtggccagatttccagcacatgtagcaagctcctgtgggaggaggttctggaggaacgcctggccgctgcggttcgggcgtttggaagttcttgtgtgctggagatgtggctggggtttgtctcacagtggaggcaaggaattgcaacttttttctattattgtacaccttgaaggcaaggttaattaaatcctgttgtggggtttgagggccggaatttaatttttggagttttatttaatgtcgggagcagattgggtgataaaatgtattttgagaataagacggccttttgaccttttagggtctagggctataaagtgtctcagggttgctgccaaacaagtcatgaactgggctggatttttatatttgatgaaaaagagcctaaatgctatctgatttgggataaagaaaaaggagcattaaccttgactatgcctttggctccagccacctttttaagagtaaattgctgggcaggtgggggagggctagtcagggaacgaaactgtaagccggaccaggtgtgaggaggggaggtgataaaaagattatagggtggaggagcggaggctgagggagaattgggacctagctcggcctggcgaggagcagcctggggaggaagggagaggtcagatgggtctgtagaaaaggaagattagaaagactcagcgacgcttggggttggtactgaggggacaggctggagggaaagaaggaagatttgggacgagttgcactgggcacagggactaggaaggactgagtgtgtaaaagaatgcctggacgtcaggcacctcagacagtttgcctattttacgacaagaattatttagattttgcaggatggagaaattcaaagtgccattttctggctatttggaactactgtcgagtttgtactggggtcaagcggcattgcagaagaaaataaggcatttaggttttaggtcaggtgtgagttgaagaggttttaaatttttgagaacacaggctaagggataagaaggaggaatggaaggtggaagcttacccatagtgaaggaggcaagcctagagaaaagacttgagacacagagaaggggtgggggtggtggttcttgccctccagaaaagtagagaaggggttggggcacagaaataagggattggggcacagagataagaggttggggtgtggaaataagcgattggggggttcttgccgcctaggaaagcaggacttgccgctaagggtgaaggagaaggggttgaggggtacttgcccctgccccaggaaagtgggatgtgccgctaagggtgaaggagaaggggttgaggggtatttgcccctgccccaggaaagcagagaaggggtagagacaaggagagaaggggttggagtacttgccccttccccagaaaagtgggacttgccgctaagggtgaaggaccaaggcaggcatccctgcgtggtctgacacccttgaaacgtgagtgtataatcagagaggcatccctgcaatgattaaacaccaagggaaggctgccttcccagtccgtgaccggcgctggagttttgggttcacggataaaacatatctcctttgcctctaccagaaaatgaaaggaattgaaattaagagaagggagagattgaagtgtggtgccaagattgaaaggagaaagaggttgagggatagtgagggaggttggagatgagagtaaaaagaggccgcttaccggatttgaaattggtgagatgtttcttgggctggtctgtctgaggacctgaggtcgtaggtg
chr8,133097775,133098696,921,gatccgagtgacggcaccaaaTTtcatgcgcgtccgtgtgaagagaccaccaaacaggctttgtgtgagcaataaagctgtttatttcacctgggtgcaggcgggctgagtccgaaaagagagtcagtgaagggagataagggtggggccgttttataggatttgggtaggtaaaggaaaattacagtcaaagggggtttgttctctggcgggcaggagtgggggtctcaaggtgctcagtgggggtgctttttgagccaggatgagccaggaagaggactttcacaaggtaatgtcatcagttaaggcaaggaccggccatttacacttcttttgtggtggaatgtcatcagttaaggtggggcagggcatattcacttcttttgtgattcttcagttacttcaggccatctgggcgtataggtgcaagtcacaggggttgcgatggcttggcttgggctcagaggcctgacaCTAAAAACCAAAAGTGAAATTTGGGGGAATAAGAAGCTCCCAGACAGAAACAGCTTGAAAAACAGGCTCCCATAGAGTTAGCAGGAGGGCTTAATTCAGAGGGAAATCTACCCAGCATCCTTGGTTGCTCCATGAAGAAAAGAAGGAAGTGGGCTCAGATATTAGTTTCACTTTATATCTTCCCTAGGGAAGGCTCAAGAGGTGGCAGCAGTGGATATGACGATGACAGGCTCCTATTAGCCCATAGAGTCCCGTTGGGAAGACAAAGACTGGCCTATAGTCTGGTGGGCAGAGCCTGTGTTGGATTTTGGCCCTCACCTCCCCCAGAATGCATGTAGAATGTGAACTGTCTAATTGCAGGAGTGGCCTTGCAGCCTCATTTCCTCTCTCTGTGCTACTTGGCCCATTAACACCCTGCGTGCAACACCAGCCTGAGCCTTGCTCCCA
chr8,133098696,133098939,243,GATCAACCAGACATGGGGCTAAGTACATCCAGCCAAACTATCACTCAGCCAGGTACTTGCTTTCAGGCACATCAACTTTAGCATCAGCTTGTAAATATGTTCTCTCTTCCTAAGCATTTGTTCTTGTTGAAGGAGCACAAAGTGGGACAATTAATTGAGACTGGCGTGTGTGTGTGTTGAGGGGGGTGTGGTGGGAATGTCATGGAAAGACTCTCCAAATAAATGAGATTGACTCAACCCTAA
chr8,133098939,133099712,773,GATCTGTCCTGAGAATCGGGCAGGTGAAGGTAATCTACCAACTGCCCATTTCATCTTCTTATCAAGTAGTCTTGTCCCATACAAACTGAGGTTCCTTCCATAGCATAATCAAAAGATGCCCTACAATAAATATAAAGCAAAGTAGCCCCTGAAGTGGAGTTGCAGATTTATTGTATCCTTCATTGCACTTCAAGAGAAAGTAATGAAGAGCCCACTATGTGCAAGGCACCAAGGGGAAGGCAGGCTGTGAGGCTGAAGGAAACTACTTATTCTACCTTAAAGTTCCTTTCATTGAGGAGACACACATAGAAATGTCAACTGTGTTGCAACCTGGAGTAACGTAGAGTCCAAATGACATACAAGTGCTgtgttatgggaccgtagaagacaaagactgacttttattgggggatatttaaaaaagaggaggtagtgtctaagctggcaattgacaggcaaatagggttctgaaatatggaaaagtagggaaggagttccagatggagacaacagcatgcccaatgtggcacagaggggcatgagggtggggcatggttaggTAGGGACTGGGTATTACAGAGTGGCCAGGTCTCCAGCATggggtcacaaattcaaatatctacaaaacccaagtagttaatatgagaaaaaagtggaaggcaacagggggcagacaggactatggaaaagaaggaaaaggtgcccttcctagtgggggaatgagagtggcagttactcagctccagttgcttattgccatgtgttggggggaa
chr8,133099712,133100000,288,gatctagaattgccagaccttttgcaagagaatccagaaattcatttttttaaaatgacgaagttctctgatttttaatacagtatagcgaaacacaacaCCTGAGGGCAGCTTTCAGTCATTAGTGTGCCAGGTGGGACCCTGGTCTGGAGAGTCTATGGGAGGAGTTTGGGAGGTTGGTACTCACCCAGAACACCAGACAAGCCGCTGGTAAATGTGTAATTGATAATGGGATATTTTTCTTCTATCTCCCAGAAGTCAGAAAGATTCCTTCCTGCAAAAATCACA